5
14.000000 15.000000
13.000000 15.000000
12.000000 15.000000
13.000000 13.000000
12.000000 13.000000
14.000000 15.000000
13.000000 15.000000
12.000000 15.000000
13.000000 13.000000
12.000000 13.000000
14.000000 15.000000
13.000000 15.000000
12.000000 15.000000
13.000000 13.000000
12.000000 13.000000
14.000000 15.000000
13.000000 15.000000
12.000000 15.000000
13.000000 13.000000
12.000000 13.000000
14.000000 15.000000
13.000000 15.000000
12.000000 15.000000
13.000000 13.000000
12.000000 13.000000
14.000000 15.000000
13.000000 15.000000
12.000000 15.000000
13.000000 13.000000
12.000000 13.000000
14.000000 15.000000
13.000000 15.000000
12.000000 15.000000
13.000000 13.000000
12.000000 13.000000
14.000000 15.000000
13.000000 15.000000
12.000000 15.000000
13.000000 13.000000
12.000000 13.000000
14.000000 15.000000
13.000000 15.000000
12.000000 15.000000
13.000000 13.000000
12.000000 13.000000
14.000000 15.000000
13.000000 15.000000
12.000000 15.000000
13.000000 13.000000
12.000000 13.000000
14.000000 15.000000
13.000000 15.000000
12.000000 15.000000
13.000000 13.000000
12.000000 13.000000
14.000000 15.000000
13.000000 15.000000
12.000000 15.000000
13.000000 13.000000
12.000000 13.000000
14.000000 15.000000
13.000000 15.000000
12.000000 15.000000
13.000000 13.000000
12.000000 13.000000
14.000000 15.000000
13.000000 15.000000
12.000000 15.000000
13.000000 13.000000
12.000000 13.000000
14.000000 15.000000
13.000000 15.000000
12.000000 15.000000
13.000000 13.000000
12.000000 13.000000
14.000000 15.000000
13.000000 15.000000
12.000000 15.000000
13.000000 13.000000
12.000000 13.000000
14.000000 15.000000
13.000000 15.000000
12.000000 15.000000
13.000000 13.000000
12.000000 13.000000
14.000000 15.000000
13.000000 15.000000
12.000000 15.000000
13.000000 13.000000
12.000000 13.000000
14.000000 15.000000
13.000000 15.000000
12.000000 15.000000
13.000000 13.000000
12.000000 13.000000
14.000000 15.000000
13.000000 15.000000
12.000000 15.000000
13.000000 13.000000
12.000000 13.000000
14.000000 15.000000
13.000000 15.000000
12.000000 15.000000
13.000000 13.000000
12.000000 13.000000
14.000000 15.000000
13.000000 15.000000
12.000000 15.000000
13.000000 13.000000
12.000000 13.000000
14.000000 15.000000
13.000000 15.000000
12.000000 15.000000
13.000000 13.000000
12.000000 13.000000
14.000000 15.000000
13.000000 15.000000
12.000000 15.000000
13.000000 13.000000
12.000000 13.000000
14.000000 15.000000
13.000000 15.000000
12.000000 15.000000
13.000000 13.000000
12.000000 13.000000
14.000000 15.000000
13.000000 15.000000
12.000000 15.000000
13.000000 13.000000
12.000000 13.000000
14.000000 15.000000
13.000000 15.000000
12.000000 15.000000
13.000000 13.000000
12.000000 13.000000
14.000000 15.000000
13.000000 15.000000
12.000000 15.000000
13.000000 13.000000
12.000000 13.000000
14.000000 14.832000
13.000000 14.832000
12.168000 15.000000
13.000000 12.832000
12.168000 13.000000
14.000000 14.670000
13.000000 14.670000
12.330000 15.000000
13.000000 12.670000
12.330000 13.000000
14.000000 14.499001
13.000000 14.499001
12.500999 15.000000
13.000000 12.499001
12.500999 13.000000
14.000000 14.334001
13.000000 14.334001
12.665999 15.000000
13.000000 12.334001
12.665999 13.000000
14.000000 14.160001
13.000000 14.160001
12.839999 15.000000
13.000000 12.160001
12.839999 13.000000
14.000000 13.989000
13.000000 13.989000
13.011000 15.000000
13.000000 11.989000
13.011000 13.000000
14.000000 13.818001
13.000000 13.818001
13.011000 14.829000
13.000000 11.818001
13.011000 12.829000
14.000000 13.650001
13.000000 13.650001
13.011000 14.661000
13.000000 11.650001
13.011000 12.661000
14.000000 13.479000
13.000000 13.479000
13.011000 14.490000
13.000000 11.479000
13.011000 12.490000
14.000000 13.296000
13.000000 13.296000
13.011000 14.307000
13.000000 11.296000
13.011000 12.307000
14.000000 13.122001
13.000000 13.122001
13.011000 14.133000
13.000000 11.122001
13.011000 12.133000
14.000000 12.942000
13.000000 12.942000
13.011000 13.953000
12.820000 11.122001
13.011000 11.953000
14.000000 12.741000
13.000000 12.741000
13.011000 13.752000
12.618999 11.122001
13.212000 11.953000
14.000000 12.567000
13.000000 12.567000
13.011000 13.578000
12.445000 11.122001
13.386000 11.953000
14.000000 12.387000
13.000000 12.387000
13.011000 13.398000
12.264999 11.122001
13.566000 11.953000
14.000000 12.204000
13.000000 12.204000
13.011000 13.215000
12.082000 11.122001
13.749000 11.953000
14.000000 12.027000
13.000000 12.027000
13.011000 13.038000
11.905000 11.122001
13.926000 11.953000
14.000000 11.856001
13.000000 11.856001
13.011000 12.867001
11.733999 11.122001
14.097000 11.953000
14.000000 11.682001
13.000000 11.682001
13.011000 12.693001
11.559999 11.122001
14.271000 11.953000
14.000000 11.508001
13.000000 11.508001
13.011000 12.519001
11.386000 11.122001
14.445000 11.953000
14.000000 11.325002
13.000000 11.325002
13.011000 12.336001
11.203000 11.122001
14.627999 11.953000
14.000000 11.148002
13.000000 11.148002
13.011000 12.159001
11.026000 11.122001
14.804999 11.953000
14.165000 11.148002
12.835000 11.148002
13.011000 11.994001
10.861000 11.122001
14.969999 11.953000
14.333000 11.148002
12.667000 11.148002
13.011000 11.826001
10.693000 11.122001
15.138000 11.953000
14.489000 11.148002
12.511000 11.148002
13.011000 11.670001
10.537000 11.122001
15.294000 11.953000
14.651000 11.148002
12.349000 11.148002
13.011000 11.508001
10.375000 11.122001
15.455999 11.953000
14.804000 11.148002
12.196000 11.148002
13.011000 11.355001
10.222000 11.122001
15.608999 11.953000
14.969000 11.148002
12.031000 11.148002
13.011000 11.190001
10.057000 11.122001
15.773999 11.953000
15.125000 11.148002
11.875000 11.148002
13.011000 11.034001
9.901000 11.122001
15.929999 11.953000
15.125000 10.995002
11.722000 11.148002
13.011000 11.187001
9.748000 11.122001
16.083000 11.953000
15.125000 10.833002
11.560000 11.148002
13.011000 11.349001
9.586000 11.122001
16.245001 11.953000
15.125000 10.665002
11.392000 11.148002
13.011000 11.517001
9.418000 11.122001
16.413000 11.953000
15.125000 10.500002
11.227000 11.148002
13.011000 11.682001
9.253000 11.122001
16.578001 11.953000
15.125000 10.344002
11.071000 11.148002
13.011000 11.838001
9.097000 11.122001
16.734001 11.953000
15.125000 10.188002
10.915000 11.148002
13.011000 11.994001
9.097000 11.278001
16.890001 11.953000
15.125000 10.023002
10.750000 11.148002
13.011000 11.829001
9.097000 11.443001
17.055002 11.953000
15.125000 9.861002
10.588000 11.148002
13.011000 11.667002
9.097000 11.605000
17.217003 11.953000
15.125000 9.687002
10.414001 11.148002
13.011000 11.493002
9.097000 11.779000
17.391003 11.953000
15.125000 9.525002
10.252001 11.148002
13.011000 11.331002
9.097000 11.941000
17.553003 11.953000
15.125000 9.363003
10.090001 11.148002
13.011000 11.169003
9.097000 12.103000
17.715004 11.953000
15.125000 9.213003
9.940001 11.148002
13.011000 11.019003
9.097000 12.252999
17.865004 11.953000
15.125000 9.060003
9.787002 11.148002
13.011000 11.172003
9.097000 12.405999
18.018003 11.953000
15.125000 8.895003
9.622002 11.148002
13.011000 11.337003
9.097000 12.570999
18.018003 12.118000
15.125000 8.724003
9.451002 11.148002
13.011000 11.508003
9.097000 12.741999
18.018003 12.289000
15.125000 8.562003
9.289002 11.148002
13.011000 11.670003
9.097000 12.903998
18.018003 12.450999
15.125000 8.403003
9.130002 11.148002
13.011000 11.829003
9.097000 13.062999
18.018003 12.610000
15.125000 8.238003
9.295002 11.148002
13.011000 11.994003
9.097000 13.227999
18.018003 12.775000
15.125000 8.085003
9.448002 11.148002
13.164000 11.994003
9.097000 13.380999
18.018003 12.927999
15.125000 8.244003
9.607002 11.148002
13.323000 11.994003
9.097000 13.539999
18.018003 13.087000
15.125000 8.397003
9.760002 11.148002
13.476000 11.994003
9.097000 13.692999
18.018003 13.240000
15.125000 8.556004
9.919003 11.148002
13.635000 11.994003
9.097000 13.851999
18.018003 13.399000
15.125000 8.715004
10.078003 11.148002
13.794001 11.994003
9.097000 14.011000
18.018003 13.558001
15.125000 8.871004
10.234003 11.148002
13.950001 11.994003
9.097000 14.167000
18.018003 13.714001
15.125000 9.024004
10.387003 11.148002
14.103001 11.994003
9.097000 14.320000
18.018003 13.867001
15.125000 9.177004
10.540003 11.148002
14.256001 11.994003
9.097000 14.473000
18.018003 14.020000
15.125000 9.333004
10.696003 11.148002
14.256001 11.838003
9.097000 14.629000
18.018003 14.176001
15.284000 9.333004
10.855003 11.148002
14.256001 11.679003
9.097000 14.788000
18.018003 14.335001
15.284000 9.183004
11.005003 11.148002
14.256001 11.529003
9.097000 14.938000
18.018003 14.485001
15.284000 9.018004
11.170003 11.148002
14.256001 11.364003
9.097000 15.103000
18.018003 14.650001
15.284000 8.853004
11.335003 11.148002
14.256001 11.199003
9.097000 15.268000
18.018003 14.815001
15.284000 8.694004
11.494003 11.148002
14.256001 11.040003
9.097000 15.427000
18.018003 14.974001
15.284000 8.544004
11.644003 11.148002
14.106001 11.040003
9.097000 15.577000
18.018003 15.124001
15.284000 8.379004
11.809003 11.148002
13.941001 11.040003
9.097000 15.742000
18.018003 15.289001
15.284000 8.220004
11.968003 11.148002
13.782001 11.040003
9.097000 15.901000
18.018003 15.448001
15.284000 8.049004
12.139004 11.148002
13.611000 11.040003
9.097000 16.072001
18.018003 15.619001
15.455000 8.049004
12.310003 11.148002
13.440001 11.040003
9.097000 16.243000
18.018003 15.790001
15.617000 8.049004
12.472003 11.148002
13.278001 11.040003
9.097000 16.405001
18.018003 15.952001
15.782000 8.049004
12.637003 11.148002
13.113001 11.040003
9.097000 16.570002
18.018003 16.117001
15.941000 8.049004
12.796003 11.148002
12.954000 11.040003
9.097000 16.729002
18.018003 16.276001
16.094000 8.049004
12.949003 11.148002
12.801001 11.040003
9.097000 16.882002
18.018003 16.429001
16.259001 8.049004
13.114003 11.148002
12.636001 11.040003
9.097000 17.047003
18.018003 16.594002
16.415001 8.049004
13.270003 11.148002
12.480000 11.040003
9.097000 17.203003
18.018003 16.750002
16.574001 8.049004
13.429004 11.148002
12.321000 11.040003
9.097000 17.362003
18.018003 16.909002
16.742001 8.049004
13.597004 11.148002
12.153000 11.040003
9.097000 17.530003
18.018003 17.077002
16.907001 8.049004
13.762004 11.148002
11.988000 11.040003
9.097000 17.695004
18.018003 17.242002
17.060001 8.049004
13.915004 11.148002
11.835000 11.040003
9.097000 17.848003
18.018003 17.395002
17.219002 8.049004
14.074004 11.148002
11.676000 11.040003
9.097000 18.007004
18.018003 17.554003
17.366001 8.049004
14.221004 11.148002
11.528999 11.040003
9.097000 18.154003
18.018003 17.701002
17.507002 8.049004
14.362004 11.148002
11.388000 11.040003
9.097000 18.295004
18.018003 17.842003
17.654001 8.049004
14.509005 11.148002
11.240999 11.040003
9.097000 18.442003
18.018003 17.695004
17.801001 8.049004
14.656005 11.148002
11.093999 11.040003
9.097000 18.589003
18.018003 17.548004
17.942001 8.049004
14.797005 11.148002
10.952999 11.040003
9.097000 18.730003
18.018003 17.407003
18.086000 8.049004
14.941005 11.148002
10.808999 11.040003
9.097000 18.874002
18.018003 17.263004
18.242001 8.049004
15.097005 11.148002
10.652999 11.040003
9.097000 19.030003
18.018003 17.107004
18.242001 8.190003
15.238005 11.148002
10.511999 11.040003
9.097000 19.171003
18.018003 16.966003
18.242001 8.346004
15.394005 11.148002
10.355999 11.040003
9.097000 19.327003
18.018003 16.810003
18.242001 8.490004
15.538005 11.148002
10.211999 11.040003
9.097000 19.471003
18.018003 16.666004
18.242001 8.640003
15.688004 11.148002
10.061999 11.040003
9.097000 19.621002
18.018003 16.516005
18.242001 8.787004
15.835005 11.148002
9.914999 11.040003
9.097000 19.768002
18.018003 16.369005
18.242001 8.943004
15.991005 11.148002
9.758999 11.040003
9.097000 19.924002
18.018003 16.213005
18.242001 8.808003
16.126005 11.148002
9.623999 11.040003
9.097000 20.059002
18.018003 16.078005
18.242001 8.658004
16.276005 11.148002
9.473999 11.040003
9.097000 20.209002
18.018003 15.928005
18.242001 8.520004
16.414005 11.148002
9.335999 11.040003
9.097000 20.347002
18.018003 15.790006
18.242001 8.388004
16.546005 11.148002
9.204000 11.040003
9.097000 20.479002
18.018003 15.658006
18.242001 8.253004
16.681005 11.148002
9.068999 11.040003
9.097000 20.614002
18.018003 15.523005
18.242001 8.115005
16.819006 11.148002
9.206999 11.040003
9.097000 20.752003
18.018003 15.385006
18.242001 7.983005
16.951006 11.148002
9.338999 11.040003
9.097000 20.884003
18.018003 15.253006
18.242001 7.839005
17.095005 11.148002
9.482999 11.040003
9.097000 20.740004
18.018003 15.109006
18.242001 7.692005
17.242004 11.148002
9.629999 11.040003
9.097000 20.593004
18.018003 14.962006
18.242001 7.566005
17.368004 11.148002
9.756000 11.040003
9.097000 20.467005
18.144003 14.962006
18.242001 7.425005
17.509005 11.148002
9.896999 11.040003
8.956000 20.467005
18.285004 14.962006
18.242001 7.290005
17.644005 11.148002
10.032000 11.040003
8.821000 20.467005
18.420004 14.962006
18.242001 7.155005
17.779005 11.148002
10.167000 11.040003
8.686000 20.467005
18.555004 14.962006
18.242001 7.014005
17.920006 11.148002
10.308000 11.040003
8.545000 20.467005
18.696005 14.962006
18.242001 6.870005
18.064005 11.148002
10.452000 11.040003
8.401000 20.467005
18.840004 14.962006
18.242001 6.723005
18.211004 11.148002
10.599000 11.040003
8.254000 20.467005
18.987003 14.962006
18.242001 6.579005
18.355003 11.148002
10.743000 11.040003
8.110000 20.467005
19.131002 14.962006
18.242001 6.447005
18.487003 11.148002
10.875000 11.040003
7.978000 20.467005
19.263002 14.962006
18.242001 6.306005
18.628004 11.148002
11.016000 11.040003
7.837000 20.467005
19.404003 14.962006
18.242001 6.165005
18.769005 11.148002
11.157000 11.040003
7.696000 20.467005
19.545004 14.962006
18.242001 6.024005
18.910006 11.148002
11.297999 11.040003
7.555000 20.467005
19.686005 14.962006
18.242001 5.880005
18.766006 11.148002
11.441999 11.040003
7.411000 20.467005
19.830004 14.962006
18.242001 5.706006
18.592007 11.148002
11.615999 11.040003
7.237000 20.467005
20.004004 14.962006
18.242001 5.559006
18.445007 11.148002
11.763000 11.040003
7.090001 20.467005
20.151003 14.962006
18.242001 5.421006
18.307007 11.148002
11.900999 11.040003
6.952001 20.467005
20.289003 14.962006
18.242001 5.274006
18.160007 11.148002
12.047999 11.040003
6.805001 20.467005
20.436003 14.962006
18.242001 5.139006
18.025007 11.148002
12.183000 11.040003
6.670001 20.467005
20.571003 14.962006
18.242001 5.313005
17.851007 11.148002
12.356999 11.040003
6.496001 20.467005
20.745003 14.962006
18.242001 5.454005
17.710007 11.148002
12.497999 11.040003
6.355001 20.467005
20.886003 14.962006
18.242001 5.595005
17.569006 11.148002
12.638999 11.040003
6.214001 20.467005
21.027004 14.962006
18.242001 5.742005
17.422007 11.148002
12.785999 11.040003
6.067001 20.467005
21.027004 14.815005
18.242001 5.883005
17.281006 11.148002
12.926999 11.040003
5.926002 20.467005
21.027004 14.674006
18.242001 6.024004
17.140005 11.148002
13.067999 11.040003
5.785002 20.467005
21.027004 14.533006
18.242001 6.153005
17.011005 11.148002
13.196999 11.040003
5.656002 20.467005
21.027004 14.404006
18.242001 6.288005
16.876005 11.148002
13.331999 11.040003
5.521001 20.467005
21.027004 14.269006
18.242001 6.432005
16.732006 11.148002
13.475999 11.040003
5.377001 20.467005
21.027004 14.125006
18.242001 6.582005
16.582006 11.148002
13.625998 11.040003
5.227001 20.467005
21.027004 13.975006
18.242001 6.720005
16.444006 11.148002
13.763998 11.040003
5.089001 20.467005
21.027004 13.837007
18.242001 6.858005
16.306005 11.148002
13.901998 11.040003
4.951001 20.467005
21.027004 13.699007
18.242001 7.002005
16.162006 11.148002
14.045998 11.040003
4.807001 20.467005
21.027004 13.555007
18.242001 7.131005
16.033007 11.148002
14.174997 11.040003
4.678001 20.467005
21.027004 13.426007
18.242001 7.275005
15.889007 11.148002
14.318997 11.040003
4.534001 20.467005
21.027004 13.282007
18.242001 7.413005
15.751007 11.148002
14.456997 11.040003
4.396001 20.467005
21.027004 13.144008
18.242001 7.554005
15.610007 11.148002
14.597997 11.040003
4.255001 20.467005
21.027004 13.003008
18.242001 7.692005
15.472008 11.148002
14.735996 11.040003
4.117001 20.467005
21.027004 12.865008
18.242001 7.827005
15.337008 11.148002
14.870996 11.040003
3.982001 20.467005
21.027004 12.730008
18.242001 7.971005
15.193007 11.148002
15.014997 11.040003
3.838001 20.467005
21.027004 12.586008
18.242001 8.121005
15.043008 11.148002
15.164996 11.040003
3.688001 20.467005
21.027004 12.436008
18.242001 8.268005
14.896008 11.148002
15.311996 11.040003
3.541001 20.467005
21.027004 12.289008
18.242001 8.412005
14.752007 11.148002
15.455997 11.040003
3.397001 20.467005
21.027004 12.145008
18.242001 8.553005
14.611008 11.148002
15.596996 11.040003
3.256001 20.467005
21.027004 12.004008
18.242001 8.688005
14.476007 11.148002
15.731997 11.040003
3.121001 20.467005
21.027004 11.869008
18.242001 8.814006
14.350007 11.148002
15.857997 11.040003
2.995001 20.467005
21.027004 11.743008
18.242001 8.952005
14.212008 11.148002
15.995996 11.040003
2.857001 20.467005
21.027004 11.605008
18.098001 8.952005
14.068007 11.148002
16.139996 11.040003
2.713001 20.467005
21.027004 11.461008
17.960001 8.952005
13.930008 11.148002
16.277996 11.040003
2.575001 20.467005
21.027004 11.323009
17.789001 8.952005
13.759008 11.148002
16.448996 11.040003
2.404001 20.467005
21.027004 11.152008
17.657001 8.952005
13.627008 11.148002
16.580996 11.040003
2.272001 20.467005
21.027004 11.020008
17.519001 8.952005
13.489009 11.148002
16.718996 11.040003
2.134001 20.467005
21.027004 10.882009
17.384001 8.952005
13.354009 11.148002
16.853996 11.040003
1.999001 20.467005
21.027004 10.747008
17.249001 8.952005
13.219008 11.148002
16.988997 11.040003
1.864001 20.467005
21.027004 10.612008
17.105001 8.952005
13.075008 11.148002
17.132996 11.040003
1.720001 20.467005
21.027004 10.468008
16.964001 8.952005
12.934009 11.148002
17.273996 11.040003
1.579001 20.467005
21.027004 10.327008
16.829000 8.952005
12.799008 11.148002
17.408997 11.040003
1.444001 20.467005
21.027004 10.192008
16.700001 8.952005
12.670009 11.148002
17.537996 11.040003
1.315001 20.467005
21.027004 10.063008
16.562000 8.952005
12.532009 11.148002
17.675997 11.040003
1.177001 20.467005
21.027004 9.925009
16.433001 8.952005
12.403009 11.148002
17.804996 11.040003
1.048001 20.467005
21.027004 9.796009
16.298000 8.952005
12.268009 11.148002
17.939997 11.040003
1.183001 20.467005
21.027004 9.661009
16.163000 8.952005
12.133009 11.148002
18.074997 11.040003
1.318001 20.467005
21.027004 9.526009
16.025000 8.952005
11.995009 11.148002
18.212997 11.040003
1.456001 20.467005
21.027004 9.388009
15.887000 8.952005
11.857010 11.148002
18.350998 11.040003
1.594001 20.467005
21.027004 9.250010
15.752000 8.952005
11.722010 11.148002
18.485998 11.040003
1.729001 20.467005
21.027004 9.115009
15.605000 8.952005
11.575009 11.148002
18.632998 11.040003
1.876001 20.467005
21.027004 8.968009
15.473000 8.952005
11.443009 11.148002
18.764997 11.040003
2.008001 20.467005
21.027004 8.836009
15.341000 8.952005
11.311009 11.148002
18.896997 11.040003
2.140001 20.467005
21.027004 8.704009
15.200000 8.952005
11.170010 11.148002
18.755997 11.040003
2.281001 20.467005
21.027004 8.563009
15.068000 8.952005
11.038010 11.148002
18.623997 11.040003
2.413001 20.467005
21.027004 8.431009
15.068000 8.817005
10.903009 11.148002
18.488997 11.040003
2.548001 20.467005
21.027004 8.296009
15.068000 8.679006
10.765010 11.148002
18.350996 11.040003
2.686001 20.467005
21.027004 8.158010
15.068000 8.541006
10.627010 11.148002
18.212996 11.040003
2.824001 20.467005
21.027004 8.020010
15.068000 8.397006
10.483010 11.148002
18.068996 11.040003
2.968001 20.467005
21.027004 7.876010
15.068000 8.250006
10.336010 11.148002
17.921997 11.040003
3.115001 20.467005
21.027004 7.729010
15.068000 8.118006
10.204010 11.148002
17.789997 11.040003
3.247001 20.467005
21.027004 7.597010
15.203000 8.118006
10.069010 11.148002
17.654997 11.040003
3.382001 20.467005
21.027004 7.462010
15.344000 8.118006
9.928010 11.148002
17.513996 11.040003
3.523001 20.467005
21.027004 7.321010
15.473000 8.118006
9.799010 11.148002
17.384996 11.040003
3.652001 20.467005
21.027004 7.192010
15.613999 8.118006
9.658010 11.148002
17.243996 11.040003
3.793001 20.467005
21.027004 7.051010
15.751999 8.118006
9.520011 11.148002
17.105995 11.040003
3.931001 20.467005
21.027004 6.913010
15.886999 8.118006
9.385011 11.148002
16.970995 11.040003
4.066001 20.467005
21.027004 6.778010
16.021999 8.118006
9.250010 11.148002
16.835995 11.040003
4.201001 20.467005
21.027004 6.643010
16.153999 8.118006
9.118011 11.148002
16.703995 11.040003
4.333001 20.467005
21.027004 6.511010
16.292000 8.118006
9.118011 11.010002
16.565994 11.040003
4.471001 20.467005
21.027004 6.373010
16.430000 8.118006
9.256010 11.010002
16.427994 11.040003
4.609001 20.467005
21.027004 6.235010
16.577000 8.118006
9.403010 11.010002
16.280994 11.040003
4.756001 20.467005
21.027004 6.088010
16.718000 8.118006
9.544010 11.010002
16.139994 11.040003
4.897001 20.467005
21.027004 5.947010
16.850000 8.118006
9.676010 11.010002
16.007994 11.040003
5.029001 20.467005
20.895004 5.947010
16.993999 8.118006
9.820010 11.010002
15.863994 11.040003
5.173001 20.467005
20.751005 5.947010
17.135000 8.118006
9.961010 11.010002
15.722994 11.040003
5.314001 20.467005
20.610004 5.947010
17.267000 8.118006
10.093010 11.010002
15.590994 11.040003
5.446001 20.467005
20.478004 5.947010
17.408001 8.118006
10.234010 11.010002
15.449994 11.040003
5.587000 20.467005
20.337004 5.947010
17.549002 8.118006
10.375010 11.010002
15.308994 11.040003
5.728000 20.467005
20.196003 5.947010
17.696001 8.118006
10.522010 11.010002
15.161994 11.040003
5.875000 20.467005
20.049004 5.947010
17.840000 8.118006
10.666010 11.010002
15.017994 11.040003
6.019000 20.467005
19.905005 5.947010
17.972000 8.118006
10.798010 11.010002
14.885994 11.040003
6.151000 20.467005
19.773005 5.947010
18.110001 8.118006
10.936009 11.010002
14.747994 11.040003
6.289000 20.467005
19.635004 5.947010
18.248001 8.118006
11.074009 11.010002
14.609995 11.040003
6.427000 20.467005
19.497004 5.947010
18.380001 8.118006
11.206009 11.010002
14.477995 11.040003
6.559000 20.467005
19.365004 5.947010
18.512001 8.118006
11.338009 11.010002
14.345995 11.040003
6.691000 20.467005
19.233004 5.947010
18.656000 8.118006
11.482009 11.010002
14.201995 11.040003
6.835000 20.467005
19.089005 5.947010
18.791000 8.118006
11.617009 11.010002
14.066995 11.040003
6.970000 20.467005
18.954004 5.947010
18.923000 8.118006
11.749009 11.010002
13.934995 11.040003
7.102000 20.467005
18.822004 5.947010
18.923000 7.971006
11.896009 11.010002
13.787994 11.040003
7.249000 20.467005
18.675005 5.947010
18.923000 7.827006
12.040009 11.010002
13.643994 11.040003
7.393000 20.467005
18.531006 5.947010
18.923000 7.683006
12.184010 11.010002
13.499994 11.040003
7.537000 20.467005
18.387007 5.947010
18.923000 7.536006
12.331010 11.010002
13.352994 11.040003
7.684000 20.467005
18.240007 5.947010
18.923000 7.350006
12.517010 11.010002
13.166994 11.040003
7.870000 20.467005
18.054007 5.947010
18.923000 7.212006
12.655009 11.010002
13.028995 11.040003
8.007999 20.467005
17.916006 5.947010
18.923000 7.077006
12.790009 11.010002
12.893994 11.040003
8.143000 20.467005
17.781006 5.947010
18.923000 6.939006
12.928009 11.010002
12.755995 11.040003
8.280999 20.467005
17.643005 5.947010
18.923000 6.801006
13.066009 11.010002
12.617995 11.040003
8.418999 20.467005
17.505005 5.947010
18.923000 6.666006
13.201009 11.010002
12.482995 11.040003
8.553999 20.467005
17.370005 5.947010
18.923000 6.525006
13.342009 11.010002
12.341995 11.040003
8.694999 20.467005
17.229004 5.947010
18.923000 6.393006
13.474009 11.010002
12.209995 11.040003
8.826999 20.467005
17.097004 5.947010
18.923000 6.258006
13.609009 11.010002
12.074995 11.040003
8.961999 20.467005
16.962004 5.947010
18.923000 6.114006
13.753009 11.010002
11.930995 11.040003
9.105999 20.467005
16.818005 5.947010
18.923000 5.973006
13.894009 11.010002
11.789995 11.040003
9.246999 20.467005
16.677004 5.947010
18.923000 5.841006
14.026009 11.010002
11.657995 11.040003
9.378999 20.467005
16.545004 5.947010
18.923000 5.691006
14.176008 11.010002
11.507996 11.040003
9.528998 20.467005
16.395004 5.947010
18.923000 5.556005
14.311008 11.010002
11.372995 11.040003
9.663999 20.467005
16.260004 5.947010
18.923000 5.424006
14.443008 11.010002
11.240995 11.040003
9.795999 20.467005
16.128004 5.947010
18.923000 5.280005
14.587008 11.010002
11.096995 11.040003
9.939999 20.467005
15.984004 5.947010
18.923000 5.145005
14.722009 11.010002
10.961995 11.040003
10.074999 20.467005
15.849004 5.947010
18.923000 5.004005
14.863008 11.010002
10.820995 11.040003
10.215999 20.467005
15.708004 5.947010
18.923000 5.142005
15.001008 11.010002
10.682996 11.040003
10.353998 20.467005
15.570004 5.947010
18.923000 5.292006
15.151008 11.010002
10.532996 11.040003
10.503998 20.467005
15.420005 5.947010
18.923000 5.439005
15.298008 11.010002
10.385996 11.040003
10.650998 20.467005
15.273005 5.947010
18.923000 5.571005
15.430008 11.010002
10.253996 11.040003
10.782998 20.467005
15.141005 5.947010
18.923000 5.703005
15.562008 11.010002
10.121996 11.040003
10.914998 20.467005
15.009005 5.947010
18.923000 5.838006
15.697008 11.010002
9.986996 11.040003
11.049998 20.467005
14.874004 5.947010
18.923000 5.982006
15.841008 11.010002
9.842996 11.040003
11.193998 20.467005
14.730004 5.947010
18.923000 6.117006
15.976008 11.010002
9.707995 11.040003
11.328999 20.467005
14.595004 5.947010
18.923000 6.252006
16.111008 11.010002
9.572995 11.040003
11.463999 20.467005
14.460004 5.947010
18.923000 6.384006
16.243008 11.010002
9.440995 11.040003
11.595999 20.467005
14.328004 5.947010
18.923000 6.522006
16.381008 11.010002
9.302996 11.040003
11.733998 20.467005
14.190004 5.947010
18.923000 6.654006
16.513008 11.010002
9.170996 11.040003
11.865998 20.467005
14.058004 5.947010
18.923000 6.792006
16.651009 11.010002
9.032996 11.040003
12.003998 20.467005
13.920005 5.947010
18.923000 6.924006
16.783009 11.010002
9.032996 11.172003
12.135998 20.467005
13.788005 5.947010
18.923000 7.059006
16.918009 11.010002
9.032996 11.307003
12.270998 20.467005
13.653005 5.947010
18.923000 7.200006
17.059010 11.010002
9.032996 11.448003
12.411998 20.467005
13.512005 5.947010
18.923000 7.335006
17.194010 11.010002
9.032996 11.583003
12.546998 20.467005
13.377005 5.947010
18.923000 7.452006
17.311010 11.010002
9.032996 11.700003
12.663998 20.467005
13.260005 5.947010
18.923000 7.584006
17.443010 11.010002
9.032996 11.832003
12.795998 20.467005
13.128005 5.947010
18.923000 7.710006
17.569010 11.010002
9.032996 11.958003
12.921998 20.467005
13.002005 5.947010
18.923000 7.836006
17.695009 11.010002
9.032996 12.084003
12.921998 20.341005
12.876004 5.947010
18.923000 7.956006
17.815010 11.010002
9.032996 12.204003
12.921998 20.221004
12.756004 5.947010
18.923000 8.085006
17.944010 11.010002
9.032996 12.333003
12.921998 20.092005
12.627005 5.947010
18.923000 8.211006
18.070009 11.010002
9.032996 12.459003
12.795998 20.092005
12.501004 5.947010
18.923000 8.337007
18.196009 11.010002
9.032996 12.585004
12.669997 20.092005
12.375004 5.947010
18.923000 8.457006
18.316010 11.010002
9.032996 12.705004
12.549997 20.092005
12.255004 5.947010
18.923000 8.583007
18.442009 11.010002
9.032996 12.831004
12.423997 20.092005
12.129004 5.947010
18.923000 8.712007
18.571009 11.010002
9.032996 12.960004
12.294997 20.092005
12.000004 5.947010
18.923000 8.850006
18.709009 11.010002
9.032996 13.098003
12.156998 20.092005
11.862004 5.947010
18.923000 8.973006
18.832008 11.010002
9.032996 13.221004
12.033998 20.092005
11.739004 5.947010
18.800001 8.973006
18.955008 11.010002
9.032996 13.344004
11.910997 20.092005
11.616004 5.947010
18.668001 8.973006
18.955008 11.142002
9.032996 13.476004
11.778997 20.092005
11.484004 5.947010
18.533001 8.973006
18.955008 11.277002
9.032996 13.611004
11.643997 20.092005
11.349004 5.947010
18.413000 8.973006
18.955008 11.397002
9.032996 13.731004
11.523997 20.092005
11.229004 5.947010
18.287001 8.973006
18.955008 11.523003
9.032996 13.857004
11.397997 20.092005
11.103004 5.947010
18.161001 8.973006
18.955008 11.649003
9.032996 13.983005
11.271996 20.092005
10.977003 5.947010
18.038002 8.973006
18.955008 11.772003
9.032996 14.106005
11.148996 20.092005
10.854003 5.947010
17.903002 8.973006
18.955008 11.907003
9.032996 14.241005
11.013996 20.092005
10.719003 5.947010
17.786001 8.973006
18.955008 12.024003
9.032996 14.358005
10.896996 20.092005
10.602003 5.947010
17.666000 8.973006
18.955008 12.144003
9.032996 14.478004
10.776997 20.092005
10.482003 5.947010
17.543001 8.973006
18.955008 12.267003
9.032996 14.601005
10.653996 20.092005
10.359003 5.947010
17.426001 8.973006
18.955008 12.384003
9.032996 14.718004
10.536997 20.092005
10.242003 5.947010
17.300001 8.973006
18.955008 12.510003
9.032996 14.844005
10.410996 20.092005
10.116003 5.947010
17.180000 8.973006
18.955008 12.630003
9.032996 14.964005
10.290997 20.092005
9.996003 5.947010
17.051001 8.973006
18.955008 12.759003
9.032996 15.093004
10.161997 20.092005
9.867003 5.947010
16.928001 8.973006
18.955008 12.882003
9.032996 15.216004
10.038997 20.092005
9.744003 5.947010
16.808001 8.973006
18.955008 13.002003
9.032996 15.336004
9.918997 20.092005
9.624003 5.947010
16.682001 8.973006
18.955008 13.128003
9.032996 15.462005
9.792996 20.092005
9.498003 5.947010
16.553001 8.973006
18.955008 13.257003
9.032996 15.591004
9.663997 20.092005
9.369003 5.947010
16.427002 8.973006
18.955008 13.383003
9.032996 15.717005
9.537996 20.092005
9.243003 5.947010
16.298002 8.973006
18.955008 13.512003
9.032996 15.846004
9.408997 20.092005
9.114003 5.947010
16.178001 8.973006
18.955008 13.632003
9.032996 15.966004
9.288997 20.092005
8.994003 5.947010
16.061001 8.973006
18.955008 13.749002
9.032996 16.083004
9.171997 20.092005
8.877004 5.947010
15.941001 8.973006
18.955008 13.869002
9.032996 16.203005
9.051997 20.092005
8.757004 5.947010
15.818001 8.973006
18.955008 13.992002
9.032996 16.326004
8.928997 20.092005
8.634004 5.947010
15.692000 8.973006
18.955008 14.118003
9.032996 16.452003
8.802997 20.092005
8.508003 5.947010
15.572001 8.973006
18.955008 14.238003
9.032996 16.572004
8.682997 20.092005
8.388003 5.947010
15.443001 8.973006
18.955008 14.367002
9.032996 16.701004
8.553997 20.092005
8.259004 5.947010
15.320001 8.973006
18.955008 14.490003
9.032996 16.824003
8.430997 20.092005
8.136003 5.947010
15.200001 8.973006
18.955008 14.610003
9.032996 16.944004
8.310997 20.092005
8.016004 5.947010
15.071001 8.973006
18.955008 14.739002
9.032996 17.073004
8.181997 20.092005
7.887003 5.947010
15.071001 9.099007
18.955008 14.865003
9.032996 17.199003
8.055997 20.092005
7.761003 5.947010
15.071001 9.225007
18.955008 14.991003
9.032996 17.325003
7.929997 20.092005
7.635004 5.947010
15.071001 9.354007
18.955008 15.120003
9.032996 17.454002
7.800997 20.092005
7.506003 5.947010
15.071001 9.480007
18.955008 15.246003
9.032996 17.580002
7.674997 20.092005
7.380003 5.947010
15.071001 9.600007
18.955008 15.366003
9.032996 17.700003
7.554997 20.092005
7.260004 5.947010
15.071001 9.726007
18.955008 15.492003
9.032996 17.826002
7.554997 20.218004
7.134004 5.947010
15.071001 9.849008
18.955008 15.615004
9.032996 17.949001
7.554997 20.341003
7.011003 5.947010
15.071001 9.972008
18.955008 15.738004
9.032996 18.072001
7.554997 20.464003
6.888003 5.947010
15.071001 10.092008
18.955008 15.858004
9.032996 18.192001
7.554997 20.584003
6.768003 5.947010
15.071001 10.215008
18.955008 15.981004
9.032996 18.315001
7.554997 20.707003
6.645003 5.947010
15.071001 10.323008
18.955008 16.089005
9.032996 18.423000
7.554997 20.815002
6.537004 5.947010
15.071001 10.428007
18.955008 16.194004
9.032996 18.528000
7.554997 20.920002
6.432003 5.947010
15.071001 10.542007
18.955008 16.308004
9.032996 18.642000
7.440997 20.920002
6.318004 5.947010
15.071001 10.650007
18.955008 16.416004
9.032996 18.750000
7.332997 20.920002
6.210004 5.947010
15.071001 10.761007
18.955008 16.527004
9.032996 18.861000
7.221997 20.920002
6.099004 5.947010
15.071001 10.869007
18.955008 16.635004
9.032996 18.969000
7.113997 20.920002
5.991004 5.947010
15.071001 10.980007
18.955008 16.746004
9.032996 19.080000
7.002997 20.920002
5.880004 5.947010
15.071001 11.091007
18.955008 16.857004
9.032996 19.191000
6.891997 20.920002
5.769004 5.947010
15.071001 11.205008
18.955008 16.971004
9.032996 19.305000
6.777997 20.920002
5.655004 5.947010
15.071001 11.313007
18.955008 17.079004
9.032996 19.413000
6.669998 20.920002
5.547004 5.947010
15.071001 11.424007
18.955008 17.190004
9.032996 19.524000
6.558998 20.920002
5.436004 5.947010
15.071001 11.538008
18.955008 17.304005
9.032996 19.638000
6.444998 20.920002
5.322004 5.947010
15.071001 11.661008
18.955008 17.427004
9.032996 19.761000
6.321998 20.920002
5.199004 5.947010
15.071001 11.787008
18.955008 17.553003
9.032996 19.886999
6.195998 20.920002
5.073004 5.947010
15.071001 11.910008
18.955008 17.676003
9.032996 20.009998
6.072998 20.920002
4.950004 5.947010
15.071001 11.784008
18.955008 17.802002
9.032996 20.135998
5.946998 20.920002
4.824004 5.947010
15.071001 11.661008
18.955008 17.925001
9.032996 20.258997
5.823997 20.920002
4.701004 5.947010
15.071001 11.541008
18.955008 18.045002
9.032996 20.378998
5.703998 20.920002
4.581004 5.947010
15.071001 11.406008
18.955008 18.180002
9.032996 20.513998
5.568997 20.920002
4.446004 5.947010
15.071001 11.271008
18.955008 18.315002
9.032996 20.648998
5.433997 20.920002
4.311004 5.947010
15.071001 11.136007
18.955008 18.450003
9.032996 20.783998
5.298997 20.920002
4.176003 5.947010
15.071001 11.007008
18.955008 18.579002
9.032996 20.912998
5.169997 20.920002
4.047003 5.947010
15.071001 10.869008
18.955008 18.717003
8.894997 20.912998
5.031997 20.920002
3.909003 5.947010
15.071001 10.734008
18.955008 18.852003
8.759996 20.912998
4.896996 20.920002
3.774003 5.947010
15.071001 10.605008
18.955008 18.981003
8.630997 20.912998
4.767996 20.920002
3.645003 5.947010
15.071001 10.467009
18.955008 19.119003
8.492997 20.912998
4.629996 20.920002
3.507003 5.947010
15.071001 10.332008
18.955008 19.254004
8.357997 20.912998
4.494996 20.920002
3.372003 5.947010
15.071001 10.197008
18.955008 19.389004
8.222997 20.912998
4.359996 20.920002
3.237003 5.947010
15.071001 10.059009
18.955008 19.527004
8.084997 20.912998
4.221996 20.920002
3.099003 5.947010
15.071001 9.924008
18.955008 19.662004
7.949997 20.912998
4.086996 20.920002
2.964003 5.947010
15.071001 9.792008
18.955008 19.794004
7.817997 20.912998
3.954996 20.920002
2.832003 5.947010
15.071001 9.654009
18.955008 19.932005
7.679997 20.912998
3.816996 20.920002
2.694003 5.947010
15.071001 9.504009
18.955008 20.082005
7.529997 20.912998
3.666996 20.920002
2.544003 5.947010
15.071001 9.354010
18.955008 20.232004
7.379997 20.912998
3.516995 20.920002
2.394003 5.947010
15.071001 9.213010
18.955008 20.373005
7.238997 20.912998
3.375995 20.920002
2.253003 5.947010
15.071001 9.069010
18.955008 20.517004
7.094997 20.912998
3.231995 20.920002
2.109003 5.947010
15.071001 8.919010
18.955008 20.667004
6.944997 20.912998
3.081995 20.920002
1.959003 5.947010
15.071001 8.763010
18.955008 20.823004
6.788997 20.912998
2.925995 20.920002
1.959003 5.791010
15.071001 8.598010
18.955008 20.988005
6.623997 20.912998
2.760995 20.920002
1.959003 5.626010
15.071001 8.442010
18.799007 20.988005
6.467997 20.912998
2.604995 20.920002
1.959003 5.470010
15.071001 8.292010
18.649008 20.988005
6.317997 20.912998
2.454995 20.920002
1.959003 5.320010
15.071001 8.148010
18.505009 20.988005
6.173996 20.912998
2.310995 20.920002
1.959003 5.176010
15.224001 8.148010
18.352009 20.988005
6.020997 20.912998
2.157995 20.920002
1.959003 5.023010
15.377001 8.148010
18.199009 20.988005
5.867997 20.912998
2.004995 20.920002
1.959003 4.870010
15.533001 8.148010
18.043009 20.988005
5.711997 20.912998
1.848995 20.920002
1.959003 4.714010
15.677001 8.148010
17.899010 20.988005
5.567997 20.912998
1.704995 20.920002
1.959003 4.570010
15.824001 8.148010
17.752010 20.988005
5.420997 20.912998
1.557995 20.920002
1.959003 4.423010
15.977001 8.148010
17.599010 20.988005
5.267997 20.912998
1.404995 20.920002
1.959003 4.270010
16.133001 8.148010
17.443010 20.988005
5.111997 20.912998
1.248995 20.920002
1.959003 4.114010
16.286001 8.148010
17.290010 20.988005
4.958997 20.912998
1.095995 20.920002
1.959003 3.961010
16.433001 8.148010
17.143011 20.988005
4.811997 20.912998
1.095995 21.067001
1.959003 3.814010
16.583000 8.148010
16.993011 20.988005
4.661997 20.912998
1.095995 21.217001
1.959003 3.664010
16.733000 8.148010
16.843012 20.988005
4.511997 20.912998
1.095995 21.367001
1.959003 3.514010
16.876999 8.148010
16.699013 20.988005
4.367997 20.912998
1.095995 21.511000
1.959003 3.370010
17.026999 8.148010
16.549013 20.988005
4.217997 20.912998
1.095995 21.660999
1.959003 3.220010
17.173998 8.148010
16.402014 20.988005
4.070997 20.912998
1.095995 21.807999
1.959003 3.073009
17.320997 8.148010
16.255014 20.988005
3.923997 20.912998
1.095995 21.954998
1.959003 2.926009
17.488997 8.148010
16.087015 20.988005
3.755997 20.912998
1.095995 22.122997
1.959003 2.758009
17.659996 8.148010
15.916016 20.988005
3.584997 20.912998
1.095995 22.293997
1.959003 2.587009
17.812996 8.148010
15.763016 20.988005
3.431997 20.912998
1.095995 22.446997
1.959003 2.434010
17.962996 8.148010
15.613016 20.988005
3.281997 20.912998
1.095995 22.596996
1.959003 2.284009
18.112995 8.148010
15.463017 20.988005
3.131997 20.912998
1.095995 22.746996
1.959003 2.134009
18.265995 8.148010
15.310017 20.988005
2.978997 20.912998
1.095995 22.899996
1.959003 1.981009
18.406996 8.148010
15.169017 20.988005
2.837997 20.912998
1.095995 23.040997
2.100003 1.981009
18.595995 8.148010
15.169017 21.177004
2.648997 20.912998
1.095995 23.229996
2.289003 1.981009
18.760996 8.148010
15.169017 21.342005
2.483997 20.912998
1.095995 23.394997
2.454003 1.981009
18.934996 8.148010
15.169017 21.516005
2.309997 20.912998
1.095995 23.568996
2.628003 1.981009
18.934996 7.977010
15.169017 21.687004
2.138997 20.912998
1.095995 23.739996
2.799003 1.981009
18.934996 7.815010
15.169017 21.849005
1.976997 20.912998
1.095995 23.901997
2.961003 1.981009
18.934996 7.650010
15.169017 22.014006
1.811997 20.912998
1.260995 23.901997
3.126003 1.981009
18.934996 7.491010
15.169017 22.173006
1.652997 20.912998
1.419995 23.901997
3.285003 1.981009
18.934996 7.329010
15.169017 22.335007
1.490997 20.912998
1.581995 23.901997
3.447003 1.981009
18.934996 7.164010
15.169017 22.500008
1.325997 20.912998
1.746995 23.901997
3.612003 1.981009
18.934996 6.990010
15.169017 22.674007
1.151997 20.912998
1.920995 23.901997
3.786003 1.981009
18.934996 6.831010
15.169017 22.833008
1.151997 20.753998
2.079995 23.901997
3.945003 1.981009
18.934996 6.678010
15.169017 22.986008
1.151997 20.600998
2.232996 23.901997
4.098002 1.981009
18.934996 6.516010
15.169017 23.148008
1.151997 20.438997
2.394995 23.901997
4.260003 1.981009
18.934996 6.342010
15.169017 23.322008
1.151997 20.264997
2.568995 23.901997
4.434002 1.981009
18.934996 6.504011
15.169017 23.484009
1.151997 20.102997
2.730995 23.901997
4.596003 1.981009
18.934996 6.675011
15.169017 23.655008
1.151997 20.273996
2.901995 23.901997
4.767003 1.981009
18.934996 6.840011
15.169017 23.820009
1.151997 20.438997
3.066995 23.901997
4.932003 1.981009
18.934996 6.999011
15.169017 23.979010
1.151997 20.597998
3.225995 23.901997
5.091002 1.981009
18.934996 7.164011
15.334017 23.979010
1.151997 20.762999
3.390995 23.901997
5.256002 1.981009
18.934996 7.329010
15.499017 23.979010
1.151997 20.927999
3.555995 23.901997
5.421002 1.981009
18.934996 7.485011
15.655017 23.979010
1.151997 21.084000
3.711995 23.901997
5.577003 1.981009
18.934996 7.650011
15.820017 23.979010
1.151997 21.249001
3.876995 23.901997
5.742002 1.981009
18.934996 7.815011
15.985017 23.979010
1.151997 21.414001
3.876995 24.066998
5.907002 1.981009
18.934996 7.977011
16.147017 23.979010
1.151997 21.576002
3.876995 24.228998
6.069003 1.981009
18.934996 8.139010
16.309017 23.979010
1.151997 21.738003
3.876995 24.390999
6.231003 1.981009
18.934996 8.304010
16.474018 23.979010
1.151997 21.903004
3.876995 24.556000
6.396003 1.981009
18.934996 8.478010
16.648018 23.979010
1.151997 22.077003
3.876995 24.730000
6.570003 1.981009
18.934996 8.643010
16.813019 23.979010
1.151997 22.242004
3.876995 24.895000
6.735003 1.981009
18.934996 8.808010
16.978020 23.979010
1.151997 22.407005
3.876995 25.060001
6.735003 2.146009
18.934996 8.976010
17.146019 23.979010
1.151997 22.575005
3.876995 25.228001
6.735003 2.314009
18.775995 8.976010
17.305019 23.979010
1.151997 22.734005
3.876995 25.387001
6.735003 2.473009
18.610994 8.976010
17.470020 23.979010
1.151997 22.899006
3.876995 25.552002
6.735003 2.638009
18.436995 8.976010
17.644020 23.979010
1.151997 23.073006
3.876995 25.726002
6.735003 2.812009
18.262995 8.976010
17.818020 23.979010
1.151997 23.247005
3.876995 25.900002
6.735003 2.986009
18.094995 8.976010
17.986019 23.979010
1.151997 23.415005
3.876995 26.068001
6.735003 3.154009
17.923996 8.976010
18.157019 23.979010
1.151997 23.586004
3.876995 26.239000
6.735003 3.325009
17.764996 8.976010
18.316019 23.979010
1.151997 23.745005
3.876995 26.398001
6.735003 3.484009
17.599995 8.976010
18.481020 23.979010
1.151997 23.910006
3.876995 26.563002
6.735003 3.649009
17.446995 8.976010
18.634020 23.979010
1.304997 23.910006
3.876995 26.716002
6.735003 3.802009
17.278996 8.976010
18.802019 23.979010
1.472997 23.910006
3.876995 26.884001
6.735003 3.970009
17.107996 8.976010
18.973019 23.979010
1.643997 23.910006
4.047995 26.884001
6.735003 4.141009
16.945995 8.976010
19.135019 23.979010
1.805997 23.910006
4.209995 26.884001
6.735003 4.303010
16.786995 8.976010
19.294020 23.979010
1.964997 23.910006
4.368995 26.884001
6.735003 4.462009
16.618996 8.976010
19.462019 23.979010
2.132997 23.910006
4.536995 26.884001
6.735003 4.630010
16.462996 8.976010
19.618019 23.979010
2.288997 23.910006
4.692996 26.884001
6.735003 4.786010
16.300995 8.976010
19.780020 23.979010
2.450997 23.910006
4.854996 26.884001
6.735003 4.948010
16.135994 8.976010
19.945021 23.979010
2.615997 23.910006
5.019996 26.884001
6.735003 5.113010
15.970994 8.976010
20.110022 23.979010
2.780997 23.910006
5.184996 26.884001
6.900002 5.113010
15.808994 8.976010
20.272022 23.979010
2.942997 23.910006
5.346996 26.884001
7.062003 5.113010
15.646995 8.976010
20.434023 23.979010
3.104997 23.910006
5.508996 26.884001
7.224003 5.113010
15.472995 8.976010
20.608023 23.979010
3.278997 23.910006
5.682996 26.884001
7.398003 5.113010
15.310995 8.976010
20.770023 23.979010
3.440997 23.910006
5.844996 26.884001
7.560003 5.113010
15.151995 8.976010
20.929024 23.979010
3.599997 23.910006
6.003996 26.884001
7.719003 5.113010
15.151995 8.811010
21.094025 23.979010
3.764997 23.910006
6.168996 26.884001
7.884003 5.113010
15.151995 8.646010
21.259026 23.979010
3.929996 23.910006
6.333996 26.884001
8.049003 5.113010
15.151995 8.484011
21.421026 23.979010
3.929996 24.072006
6.495996 26.884001
7.887002 5.113010
15.151995 8.319011
21.586027 23.979010
3.929996 24.237007
6.660996 26.884001
8.052003 5.113010
15.151995 8.154011
21.751028 23.979010
3.929996 24.402008
6.825996 26.884001
12.165000 13.000000
15.151995 8.154011
21.751028 23.979010
3.929996 24.402008
6.825996 26.884001
12.165000 13.000000
15.151995 8.154011
21.751028 23.979010
3.929996 24.402008
6.825996 26.884001
12.165000 13.000000
15.151995 8.154011
21.751028 23.979010
3.929996 24.402008
6.825996 26.884001
12.165000 13.000000
15.151995 8.154011
21.751028 23.979010
3.929996 24.402008
6.825996 26.884001
12.165000 13.000000
15.151995 8.154011
21.751028 23.979010
3.929996 24.402008
6.825996 26.884001
12.165000 13.000000
15.151995 8.154011
21.751028 23.979010
3.929996 24.402008
6.825996 26.884001
12.165000 13.000000
15.151995 8.154011
21.751028 23.979010
3.929996 24.402008
6.825996 26.884001
12.165000 13.000000
15.151995 8.154011
21.751028 23.979010
3.929996 24.402008
6.825996 26.884001
12.165000 13.000000
15.151995 8.154011
21.751028 23.979010
3.929996 24.402008
6.825996 26.884001
12.165000 13.000000
15.151995 8.154011
21.751028 23.979010
3.929996 24.402008
6.825996 26.884001
12.165000 13.000000
15.151995 8.154011
21.751028 23.979010
3.929996 24.402008
6.825996 26.884001
12.165000 13.000000
15.151995 8.154011
21.751028 23.979010
3.929996 24.402008
6.825996 26.884001
12.165000 13.000000
15.151995 8.154011
21.751028 23.979010
3.929996 24.402008
6.825996 26.884001
12.165000 13.000000
15.151995 8.154011
21.751028 23.979010
3.929996 24.402008
6.825996 26.884001
12.165000 13.000000
15.151995 8.154011
21.751028 23.979010
3.929996 24.402008
6.825996 26.884001
12.165000 13.000000
15.151995 8.154011
21.751028 23.979010
3.929996 24.402008
6.825996 26.884001
12.165000 13.000000
15.151995 8.154011
21.751028 23.979010
3.929996 24.402008
6.825996 26.884001
12.165000 13.000000
15.151995 8.154011
21.751028 23.979010
3.929996 24.402008
6.825996 26.884001
12.165000 13.000000
15.151995 8.154011
21.751028 23.979010
3.929996 24.402008
6.825996 26.884001
12.165000 13.000000
15.151995 8.154011
21.751028 23.979010
3.929996 24.402008
6.825996 26.884001
12.165000 13.000000
15.151995 8.154011
21.751028 23.979010
3.929996 24.402008
6.825996 26.884001
12.165000 13.000000
15.151995 8.154011
21.751028 23.979010
3.929996 24.402008
6.825996 26.884001
12.165000 13.000000
15.151995 8.154011
21.751028 23.979010
3.929996 24.402008
6.825996 26.884001
12.165000 13.000000
15.151995 8.154011
21.751028 23.979010
3.929996 24.402008
6.825996 26.884001
12.165000 13.000000
15.151995 8.154011
21.751028 23.979010
3.929996 24.402008
6.825996 26.884001
12.165000 13.000000
15.151995 8.154011
21.751028 23.979010
3.929996 24.402008
6.825996 26.884001
12.165000 13.000000
15.316995 8.154011
21.916029 23.979010
3.929996 24.567009
6.990996 26.884001
12.330000 13.000000
15.481995 8.154011
21.916029 24.144011
3.929996 24.732010
6.990996 26.719000
12.495000 13.000000
15.643994 8.154011
21.916029 24.306011
3.929996 24.894011
6.990996 26.556999
12.657000 13.000000
15.805994 8.154011
21.916029 24.468012
3.929996 25.056011
6.990996 26.394999
12.818999 13.000000
15.964994 8.154011
21.916029 24.627012
3.929996 25.215012
6.990996 26.235998
12.978000 13.000000
16.132994 8.154011
21.916029 24.795012
3.929996 25.383011
6.990996 26.067999
13.146000 13.000000
16.288994 8.154011
21.916029 24.951012
3.929996 25.539011
6.990996 25.911999
13.146000 12.844000
16.453995 8.154011
21.916029 25.116013
3.929996 25.704012
6.990996 25.746998
13.146000 12.679000
16.621994 8.154011
21.916029 25.284012
3.929996 25.872011
6.990996 25.578999
13.146000 12.511000
16.786995 8.154011
21.916029 25.449013
3.929996 26.037012
6.990996 25.413998
13.146000 12.346000
16.948996 8.154011
21.916029 25.611013
3.929996 26.199013
6.990996 25.251997
13.146000 12.184000
17.110996 8.154011
21.916029 25.773014
3.929996 26.361013
6.990996 25.089996
13.146000 12.022000
17.272997 8.154011
21.916029 25.935015
3.929996 26.523014
6.990996 24.927996
13.146000 11.860001
17.431997 8.154011
21.916029 26.094015
3.929996 26.682014
6.990996 24.768995
12.987000 11.860001
17.602997 8.154011
21.916029 26.265015
3.929996 26.853014
6.990996 24.597996
12.816000 11.860001
17.770996 8.154011
21.916029 26.433014
3.929996 26.685015
6.990996 24.429996
12.648000 11.860001
17.929996 8.154011
21.916029 26.592014
3.929996 26.526014
6.990996 24.270996
12.488999 11.860001
18.106997 8.154011
21.916029 26.769014
3.929996 26.349014
6.990996 24.093996
12.311999 11.860001
18.286997 8.154011
21.916029 26.949015
3.929996 26.169014
6.990996 23.913996
12.131999 11.860001
18.454996 8.154011
22.084028 26.949015
3.929996 26.001015
6.990996 23.745996
11.963999 11.860001
18.622995 8.154011
22.252028 26.949015
3.929996 25.833015
6.990996 23.577997
11.795999 11.860001
18.793995 8.154011
22.423027 26.949015
3.929996 25.662016
6.990996 23.406998
11.624998 11.860001
18.949995 8.154011
22.579027 26.949015
3.929996 25.506016
6.990996 23.250998
11.468998 11.860001
18.949995 8.322011
22.747026 26.949015
3.929996 25.338017
6.990996 23.082998
11.300998 11.860001
18.949995 8.502011
22.927027 26.949015
3.929996 25.158016
6.990996 22.902998
11.120997 11.860001
18.949995 8.661012
23.086027 26.949015
3.929996 24.999016
6.990996 22.743998
10.961997 11.860001
18.949995 8.826012
23.251028 26.949015
3.929996 24.834015
6.990996 22.578997
10.796997 11.860001
18.949995 8.991012
23.416029 26.949015
3.929996 24.669014
6.990996 22.413996
10.631997 11.860001
18.781996 8.991012
23.584028 26.949015
3.929996 24.501015
6.990996 22.245996
10.463997 11.860001
18.610996 8.991012
23.755028 26.949015
3.929996 24.330015
6.990996 22.074997
10.292997 11.860001
18.442997 8.991012
23.923027 26.949015
3.929996 24.162016
6.990996 21.906998
10.124997 11.860001
18.283997 8.991012
24.082027 26.949015
3.929996 24.003016
6.990996 21.747997
9.965997 11.860001
18.118996 8.991012
24.247028 26.949015
3.929996 23.838015
6.990996 21.582996
9.965997 12.025001
17.947996 8.991012
24.418028 26.949015
3.929996 23.667015
6.990996 21.411997
9.965997 12.196001
17.770996 8.991012
24.595028 26.949015
3.929996 23.490015
6.990996 21.234997
9.965997 12.373001
17.602997 8.991012
24.763027 26.949015
3.929996 23.322016
6.990996 21.066998
9.965997 12.541001
17.437996 8.991012
24.928028 26.949015
3.929996 23.157015
6.990996 20.901997
9.965997 12.706001
17.275995 8.991012
25.090029 26.949015
3.929996 23.319016
6.990996 20.739996
9.965997 12.868001
17.113995 8.991012
25.252029 26.949015
3.929996 23.481016
6.990996 20.577995
9.965997 13.030001
16.942995 8.991012
25.423029 26.949015
3.929996 23.652016
6.990996 20.406996
9.965997 13.201000
16.762995 8.991012
25.603029 26.949015
3.929996 23.832016
6.990996 20.226995
9.965997 13.381001
16.585995 8.991012
25.780029 26.949015
3.929996 24.009016
6.990996 20.049995
9.965997 13.558001
16.414995 8.991012
25.951029 26.949015
3.929996 24.180016
6.990996 19.878996
9.965997 13.729000
16.231995 8.991012
26.134029 26.949015
3.929996 24.363016
6.990996 19.695995
9.965997 13.912000
16.054995 8.991012
26.311029 26.949015
3.929996 24.540016
6.990996 19.518995
9.965997 14.089000
15.871995 8.991012
26.494030 26.949015
3.929996 24.723017
6.990996 19.335995
9.965997 14.271999
15.685995 8.991012
26.680031 26.949015
3.929996 24.909018
6.990996 19.149994
9.965997 14.457999
15.496995 8.991012
26.869030 26.949015
3.929996 25.098017
6.990996 18.960995
9.965997 14.646999
15.310995 8.991012
26.683029 26.949015
3.929996 25.284018
6.990996 18.774994
9.965997 14.832999
15.139996 8.991012
26.512030 26.949015
3.929996 25.455017
6.990996 18.603994
9.965997 15.004000
15.139996 9.171012
26.332029 26.949015
3.929996 25.635017
6.990996 18.423994
9.965997 15.184000
15.139996 9.345012
26.158030 26.949015
3.929996 25.809017
6.990996 18.249994
9.965997 15.358000
15.139996 9.528011
25.975029 26.949015
3.929996 25.992018
6.990996 18.066994
9.965997 15.540999
15.139996 9.714011
25.789028 26.949015
3.929996 26.178019
6.990996 17.880993
9.965997 15.726999
15.139996 9.888011
25.615028 26.949015
3.929996 26.352018
6.990996 17.706993
9.965997 15.900999
15.139996 10.065011
25.438028 26.949015
3.929996 26.529018
6.990996 17.529993
9.965997 16.077999
15.139996 10.245011
25.258028 26.949015
3.929996 26.709019
6.990996 17.349993
9.965997 16.257999
15.139996 10.419011
25.084028 26.949015
3.929996 26.883018
6.990996 17.175993
9.965997 16.431999
15.139996 10.602011
24.901028 26.949015
4.112997 26.883018
6.990996 16.992992
9.965997 16.615000
15.139996 10.785010
24.718027 26.949015
4.295997 26.883018
6.990996 16.809992
9.965997 16.798000
15.139996 10.971010
24.532026 26.949015
4.481997 26.883018
6.990996 16.623991
9.965997 16.984001
15.139996 11.151011
24.352026 26.949015
4.661996 26.883018
6.990996 16.443991
9.965997 17.164001
15.139996 11.325010
24.178026 26.949015
4.835996 26.883018
6.990996 16.269991
10.139997 17.164001
15.139996 11.502010
24.001026 26.949015
5.012996 26.883018
6.990996 16.092991
10.316997 17.164001
15.139996 11.676010
23.827026 26.949015
5.186996 26.883018
6.990996 15.918991
10.490996 17.164001
15.139996 11.853010
23.650026 26.949015
5.363996 26.883018
6.990996 15.741991
10.667996 17.164001
15.319996 11.853010
23.470026 26.949015
5.543996 26.883018
6.990996 15.561991
10.847997 17.164001
15.508996 11.853010
23.281027 26.949015
5.732996 26.883018
6.990996 15.372991
11.036997 17.164001
15.679996 11.853010
23.110027 26.949015
5.903996 26.883018
6.990996 15.201990
11.207996 17.164001
15.859997 11.853010
22.930027 26.949015
6.083996 26.883018
6.990996 15.021990
11.387997 17.164001
16.039997 11.853010
22.750027 26.949015
6.263996 26.883018
6.990996 14.841990
11.567997 17.164001
16.219997 11.853010
22.570026 26.949015
6.443995 26.883018
6.990996 14.661989
11.747997 17.164001
16.399998 11.853010
22.390026 26.949015
6.623995 26.883018
6.990996 14.481989
11.927998 17.164001
16.591997 11.853010
22.198027 26.949015
6.815995 26.883018
6.990996 14.289989
12.119998 17.164001
16.777998 11.853010
22.012026 26.949015
6.629995 26.883018
6.990996 14.103989
12.305998 17.164001
16.945997 11.853010
21.844027 26.949015
6.461995 26.883018
6.990996 13.935988
12.473998 17.164001
17.125998 11.853010
21.664026 26.949015
6.281995 26.883018
6.990996 13.755988
12.653998 17.164001
17.302998 11.853010
21.487026 26.949015
6.104995 26.883018
6.990996 13.578988
12.830998 17.164001
17.488998 11.853010
21.301025 26.949015
5.918995 26.883018
6.990996 13.392988
13.016998 17.164001
17.680998 11.853010
21.109026 26.949015
5.726995 26.883018
6.990996 13.200988
13.208999 17.164001
17.878998 11.853010
21.109026 26.751015
5.528996 26.883018
6.990996 13.002988
13.406999 17.164001
18.085999 11.853010
21.109026 26.544014
5.321996 26.883018
6.990996 12.795988
13.613998 17.164001
18.277998 11.853010
21.109026 26.352015
5.129996 26.883018
6.990996 12.603988
13.805999 17.164001
18.460999 11.853010
21.109026 26.169014
4.946996 26.883018
6.990996 12.420988
13.988998 17.164001
18.646999 11.853010
21.109026 25.983013
4.760996 26.883018
6.990996 12.234988
14.174998 17.164001
18.833000 11.853010
21.109026 25.797012
4.574996 26.883018
6.990996 12.048988
14.360998 17.164001
18.833000 11.658010
21.109026 25.602013
4.379996 26.883018
6.990996 11.853989
14.555998 17.164001
18.833000 11.460011
21.109026 25.404013
4.181996 26.883018
6.990996 11.655989
14.753998 17.164001
18.833000 11.271010
21.109026 25.215014
3.992996 26.883018
6.990996 11.466989
14.942998 17.164001
18.833000 11.076011
21.109026 25.020014
3.797996 26.883018
6.990996 11.271989
15.137998 17.164001
18.833000 11.262011
21.109026 24.834013
3.611996 26.883018
6.990996 11.085989
15.323997 17.164001
18.833000 11.451011
21.109026 24.645014
3.422996 26.883018
6.990996 10.896989
15.512998 17.164001
18.833000 11.640011
21.109026 24.456015
3.233995 26.883018
6.990996 10.707989
15.701998 17.164001
18.833000 11.838011
21.109026 24.258015
3.035995 26.883018
6.990996 10.509989
15.899998 17.164001
18.833000 12.030011
21.109026 24.066015
2.843996 26.883018
6.990996 10.317988
16.091997 17.164001
18.833000 12.210011
21.109026 23.886015
2.663996 26.883018
6.990996 10.137988
16.271997 17.164001
18.833000 12.396011
21.109026 23.700014
2.477995 26.883018
6.990996 9.951988
16.457998 17.164001
18.833000 12.594011
21.109026 23.502014
2.279995 26.883018
6.990996 9.753988
16.655998 17.164001
18.833000 12.777011
21.109026 23.319014
2.096995 26.883018
6.990996 9.570989
16.838999 17.164001
18.833000 12.969011
21.109026 23.127014
1.904995 26.883018
6.990996 9.378988
17.030998 17.164001
18.833000 13.155011
21.109026 22.941013
1.718995 26.883018
6.990996 9.192988
17.216999 17.164001
18.833000 13.335011
21.109026 22.761013
1.538995 26.883018
6.990996 9.012988
17.396999 17.164001
18.833000 13.512012
21.109026 22.584013
1.361995 26.883018
6.990996 8.835988
17.573999 17.164001
18.833000 13.689012
21.109026 22.407013
1.184995 26.883018
6.990996 8.658988
17.750999 17.164001
18.833000 13.863011
21.109026 22.233013
1.010995 26.883018
6.990996 8.484988
17.924999 17.164001
18.833000 14.043012
21.109026 22.053013
1.010995 26.703018
6.990996 8.304988
18.105000 17.164001
18.833000 14.229012
21.109026 21.867012
1.010995 26.517017
6.990996 8.118988
18.105000 16.978001
18.833000 14.415011
21.109026 21.681011
1.010995 26.331017
6.990996 7.932988
18.105000 16.792000
18.833000 14.589011
21.109026 21.507011
1.010995 26.157017
6.990996 7.758988
18.105000 16.618000
18.833000 14.772011
21.109026 21.324011
1.010995 26.340017
6.990996 7.575988
18.105000 16.434999
18.833000 14.946011
21.109026 21.150011
1.010995 26.514017
6.990996 7.401989
18.105000 16.261000
18.833000 15.120010
21.109026 20.976011
1.010995 26.688017
6.990996 7.227989
18.105000 16.087000
18.833000 15.300011
21.109026 20.796011
1.010995 26.868017
6.990996 7.047989
18.105000 15.907000
18.833000 15.483010
21.109026 20.613010
1.010995 27.051018
6.990996 6.864989
18.105000 15.724000
18.833000 15.669010
21.109026 20.427010
1.010995 27.237019
6.990996 6.678989
18.105000 15.538000
18.833000 15.852010
21.109026 20.244009
1.010995 27.420019
6.990996 6.495989
18.105000 15.355000
18.833000 16.026011
21.109026 20.070009
1.010995 27.594019
6.990996 6.321989
18.105000 15.181001
18.833000 16.203011
21.109026 19.893009
1.010995 27.771019
6.990996 6.144989
18.105000 15.004001
18.833000 16.383011
21.109026 19.713009
1.010995 27.951019
6.990996 5.964989
18.105000 14.824000
18.833000 16.557011
21.109026 19.539009
1.010995 28.125019
6.990996 5.790989
18.278999 14.824000
18.833000 16.737011
21.109026 19.359009
1.010995 28.305019
6.990996 5.610990
18.459000 14.824000
18.833000 16.935011
21.109026 19.161009
1.010995 28.503019
6.990996 5.412990
18.657000 14.824000
18.833000 17.112011
21.109026 18.984009
1.010995 28.680019
6.990996 5.235990
18.834000 14.824000
18.833000 17.286011
21.109026 18.810009
1.010995 28.854019
6.990996 5.061990
19.007999 14.824000
18.833000 17.466011
21.109026 18.630009
1.010995 29.034019
6.990996 4.881990
19.188000 14.824000
18.833000 17.643011
21.109026 18.453009
1.010995 29.211020
6.990996 4.704990
19.365000 14.824000
18.833000 17.823011
21.109026 18.273008
1.010995 29.391020
6.990996 4.524990
19.545000 14.824000
18.833000 18.006012
21.109026 18.090008
1.010995 29.574020
6.990996 4.341990
19.728001 14.824000
18.833000 18.189013
21.109026 17.907007
1.010995 29.757021
6.990996 4.158990
19.911001 14.824000
18.833000 18.378012
21.109026 17.718008
1.010995 29.946020
6.990996 3.969990
20.100000 14.824000
18.833000 18.555012
21.109026 17.541008
1.010995 30.123020
6.990996 3.792990
20.277000 14.824000
18.833000 18.729012
21.109026 17.367008
1.010995 30.297020
6.990996 3.618990
20.451000 14.824000
18.833000 18.900011
21.109026 17.196009
1.010995 30.468019
6.990996 3.447990
20.622000 14.824000
18.833000 19.080011
21.109026 17.016008
1.010995 30.648020
6.990996 3.267990
20.802000 14.824000
18.833000 19.260012
21.109026 16.836008
1.010995 30.828020
6.990996 3.087990
20.982000 14.824000
18.833000 19.446012
21.109026 16.650007
1.010995 30.642019
6.990996 2.901989
21.168001 14.824000
18.833000 19.620012
21.109026 16.476007
1.010995 30.468019
6.990996 2.727989
21.342001 14.824000
18.833000 19.791012
21.109026 16.305008
1.010995 30.297020
6.990996 2.556989
21.513000 14.824000
18.833000 19.971012
21.109026 16.125008
1.010995 30.117020
6.990996 2.376989
21.693001 14.824000
18.833000 20.148012
21.286026 16.125008
1.010995 29.940020
6.990996 2.199989
21.870001 14.824000
18.833000 20.328012
21.466026 16.125008
1.010995 29.760019
6.990996 2.019989
22.050001 14.824000
18.833000 20.511013
21.649027 16.125008
1.010995 29.577019
6.990996 1.836989
22.233002 14.824000
18.833000 20.697014
21.835028 16.125008
1.010995 29.391018
6.990996 1.650989
22.419003 14.824000
18.833000 20.877014
21.655027 16.125008
1.010995 29.211018
6.990996 1.470989
22.599003 14.824000
18.833000 20.700014
21.478027 16.125008
1.010995 29.034018
6.990996 1.293989
22.776003 14.824000
18.833000 20.505014
21.283028 16.125008
1.010995 28.839018
6.990996 1.098989
22.971003 14.824000
18.833000 20.328014
21.106028 16.125008
1.187995 28.839018
6.990996 1.275989
23.148003 14.824000
18.833000 20.148014
21.106028 15.945007
1.367995 28.839018
6.990996 1.455989
23.328003 14.824000
18.833000 19.965014
21.106028 15.762008
1.550995 28.839018
6.990996 1.638989
23.511003 14.824000
18.833000 19.776014
21.106028 15.573008
1.739995 28.839018
6.990996 1.827989
23.700003 14.824000
18.833000 19.602015
21.106028 15.399008
1.913995 28.839018
6.990996 2.001989
23.874002 14.824000
18.833000 19.425014
21.106028 15.222008
1.913995 28.662018
6.990996 2.178989
24.051003 14.824000
18.833000 19.245014
21.106028 15.042007
1.913995 28.482018
6.990996 2.358989
24.231003 14.824000
18.833000 19.068014
21.106028 14.865007
1.913995 28.305017
6.990996 2.535989
24.408003 14.824000
18.833000 18.888014
21.106028 14.685007
1.913995 28.125017
6.990996 2.715989
24.588003 14.824000
18.833000 18.708014
21.106028 14.505007
1.913995 27.945017
6.990996 2.895989
24.768003 14.824000
18.833000 18.531013
21.106028 14.328007
1.913995 27.768017
6.990996 3.072989
24.945004 14.824000
18.833000 18.348013
21.106028 14.145007
1.913995 27.585016
6.990996 3.255990
25.128004 14.824000
18.833000 18.171013
21.106028 13.968007
1.913995 27.408016
6.990996 3.432990
25.305004 14.824000
18.833000 17.985012
21.106028 13.782007
1.913995 27.222015
6.990996 3.618989
25.491005 14.824000
18.833000 17.808012
21.106028 13.605007
1.913995 27.045015
6.990996 3.795990
25.668005 14.824000
18.833000 17.637012
21.106028 13.434008
1.913995 26.874016
6.990996 3.966990
25.839005 14.824000
18.833000 17.457012
21.106028 13.254007
1.913995 26.694016
6.990996 4.146989
26.019005 14.824000
18.833000 17.268013
21.106028 13.065007
1.913995 26.505016
6.990996 4.335989
26.208004 14.824000
18.833000 17.088013
21.106028 12.885007
1.913995 26.325016
6.990996 4.515989
26.388004 14.824000
18.833000 16.902012
21.106028 12.699007
1.913995 26.139015
6.990996 4.701989
26.574005 14.824000
18.833000 16.728012
21.106028 12.525007
1.913995 26.313015
6.990996 4.875989
26.400005 14.824000
18.833000 16.554012
21.106028 12.351007
1.913995 26.487015
6.990996 5.049989
12.174000 13.000000
18.833000 16.554012
21.106028 12.351007
1.913995 26.487015
6.990996 5.049989
12.174000 13.000000
18.833000 16.554012
21.106028 12.351007
1.913995 26.487015
6.990996 5.049989
12.174000 13.000000
18.833000 16.554012
21.106028 12.351007
1.913995 26.487015
6.990996 5.049989
12.174000 13.000000
18.833000 16.554012
21.106028 12.351007
1.913995 26.487015
6.990996 5.049989
12.174000 13.000000
18.833000 16.554012
21.106028 12.351007
1.913995 26.487015
6.990996 5.049989
12.174000 13.000000
18.833000 16.554012
21.106028 12.351007
1.913995 26.487015
6.990996 5.049989
12.174000 13.000000
18.833000 16.554012
21.106028 12.351007
1.913995 26.487015
6.990996 5.049989
12.174000 13.000000
18.833000 16.554012
21.106028 12.351007
1.913995 26.487015
6.990996 5.049989
12.174000 13.000000
18.833000 16.554012
21.106028 12.351007
1.913995 26.487015
6.990996 5.049989
12.174000 13.000000
18.833000 16.554012
21.106028 12.351007
1.913995 26.487015
6.990996 5.049989
12.174000 13.000000
18.833000 16.554012
21.106028 12.351007
1.913995 26.487015
6.990996 5.049989
12.174000 13.000000
18.833000 16.554012
21.106028 12.351007
1.913995 26.487015
6.990996 5.049989
12.174000 13.000000
18.833000 16.554012
21.106028 12.351007
1.913995 26.487015
6.990996 5.049989
12.174000 13.000000
18.833000 16.554012
21.106028 12.351007
1.913995 26.487015
6.990996 5.049989
12.174000 13.000000
18.833000 16.554012
21.106028 12.351007
1.913995 26.487015
6.990996 5.049989
12.174000 13.000000
18.833000 16.554012
21.106028 12.351007
1.913995 26.487015
6.990996 5.049989
12.174000 13.000000
18.833000 16.554012
21.106028 12.351007
1.913995 26.487015
6.990996 5.049989
12.174000 13.000000
18.833000 16.554012
21.106028 12.351007
1.913995 26.487015
6.990996 5.049989
12.174000 13.000000
18.833000 16.362013
21.106028 12.159007
2.105995 26.487015
6.990996 5.241989
12.366000 13.000000
18.833000 16.188013
21.106028 11.985007
2.279995 26.487015
6.990996 5.415988
12.540000 13.000000
18.833000 16.014013
21.106028 11.811007
2.453995 26.487015
6.990996 5.589988
12.714000 13.000000
18.833000 15.840014
21.106028 11.637008
2.627995 26.487015
6.990996 5.763988
12.888000 13.000000
18.833000 15.648013
21.106028 11.445007
2.819995 26.487015
6.990996 5.955988
13.080000 13.000000
18.833000 15.462013
21.106028 11.259007
3.005995 26.487015
6.990996 6.141988
13.080000 12.814000
18.833000 15.273013
21.106028 11.070007
3.194995 26.487015
6.990996 6.330988
13.080000 12.625000
18.833000 15.069013
21.106028 10.866007
3.398995 26.487015
6.990996 6.534988
13.080000 12.421000
18.833000 14.880013
21.106028 10.677007
3.587996 26.487015
6.990996 6.723988
13.080000 12.231999
18.638000 14.880013
21.106028 10.482007
3.782995 26.487015
6.990996 6.918988
13.080000 12.037000
18.452000 14.880013
21.106028 10.296007
3.968996 26.487015
6.990996 7.104988
13.080000 11.851000
18.263000 14.880013
21.106028 10.107007
4.157996 26.487015
6.990996 7.293988
12.891000 11.851000
18.068001 14.880013
21.106028 9.912007
4.352996 26.487015
6.990996 7.488988
12.696000 11.851000
18.263000 14.880013
21.106028 9.717008
4.547996 26.487015
6.990996 7.683989
12.501000 11.851000
18.467001 14.880013
21.310028 9.717008
4.751996 26.487015
6.786996 7.683989
12.297000 11.851000
18.656000 14.880013
21.499027 9.717008
4.940996 26.487015
6.597996 7.683989
12.108000 11.851000
18.848000 14.880013
21.691027 9.717008
5.132996 26.487015
6.405996 7.683989
11.915999 11.851000
19.039999 14.880013
21.883026 9.717008
5.324996 26.487015
6.213996 7.683989
11.723999 11.851000
19.243999 14.880013
21.883026 9.921008
5.528996 26.487015
6.009996 7.683989
11.519999 11.851000
19.441999 14.880013
21.883026 10.119008
5.726996 26.487015
6.009996 7.485989
11.321999 11.851000
19.630999 14.880013
21.883026 10.308008
5.915996 26.487015
6.009996 7.296988
11.132998 11.851000
19.825998 14.880013
21.883026 10.503008
6.110996 26.487015
6.009996 7.101988
10.937999 11.851000
20.014997 14.880013
21.883026 10.692008
6.299996 26.487015
6.009996 6.912988
10.748999 11.851000
20.206997 14.880013
21.883026 10.884008
6.491996 26.487015
6.009996 6.720988
10.556998 11.851000
20.401997 14.880013
21.883026 11.079008
6.686996 26.487015
6.009996 6.525988
10.361999 11.851000
20.596996 14.880013
21.883026 11.274008
6.881997 26.487015
6.009996 6.330988
10.166999 11.851000
20.788996 14.880013
21.883026 11.466008
6.689997 26.487015
6.009996 6.138988
9.974998 11.851000
20.980995 14.880013
21.883026 11.658009
6.497997 26.487015
6.009996 5.946988
9.974998 12.043000
21.169994 14.880013
21.883026 11.847009
6.308997 26.487015
6.009996 5.757988
9.974998 12.232000
21.355995 14.880013
21.883026 12.033009
6.122997 26.487015
6.009996 5.571988
9.974998 12.418000
21.553995 14.880013
21.883026 12.231009
5.924997 26.487015
6.009996 5.373988
9.974998 12.616000
21.748995 14.880013
21.883026 12.426008
5.729997 26.487015
6.009996 5.178988
9.974998 12.811000
21.937994 14.880013
21.883026 12.615008
5.540997 26.487015
6.009996 4.989988
9.974998 13.000000
22.138994 14.880013
21.883026 12.816009
5.339996 26.487015
6.009996 4.788988
9.974998 13.201000
22.324995 14.880013
21.883026 13.002008
5.153996 26.487015
6.009996 4.602988
9.974998 13.387000
22.519995 14.880013
21.883026 13.197008
4.958996 26.487015
6.009996 4.407988
9.974998 13.582000
22.717995 14.880013
21.883026 13.395008
4.760996 26.487015
6.009996 4.209988
9.974998 13.780000
22.909994 14.880013
21.883026 13.587008
4.568996 26.487015
6.009996 4.017988
9.974998 13.972000
23.089994 14.880013
21.883026 13.767009
4.388997 26.487015
6.009996 3.837988
9.974998 14.152000
23.290995 14.880013
21.883026 13.968009
4.187996 26.487015
6.009996 3.636988
9.773998 14.152000
23.494995 14.880013
21.883026 14.172009
3.983996 26.487015
6.009996 3.432988
9.569998 14.152000
23.695995 14.880013
21.883026 14.373010
3.782996 26.487015
6.009996 3.231988
9.368998 14.152000
23.896996 14.880013
21.883026 14.574010
3.581996 26.487015
6.009996 3.030988
9.167997 14.152000
24.094995 14.880013
21.883026 14.772010
3.383996 26.487015
6.009996 2.832988
8.969997 14.152000
24.301996 14.880013
21.883026 14.979010
3.176996 26.487015
6.009996 2.625988
8.762998 14.152000
24.502996 14.880013
21.883026 15.180010
2.975996 26.487015
6.009996 2.424988
8.561997 14.152000
24.703997 14.880013
21.883026 15.381010
2.774997 26.487015
6.009996 2.223988
8.360997 14.152000
24.922997 14.880013
21.883026 15.600010
2.555996 26.487015
6.009996 2.004988
8.141997 14.152000
25.135996 14.880013
21.883026 15.813010
2.342996 26.487015
6.009996 1.791988
7.928998 14.152000
25.348995 14.880013
21.883026 16.026011
2.129996 26.487015
6.009996 1.578988
7.715998 14.152000
25.561995 14.880013
21.883026 16.239010
1.916996 26.487015
6.009996 1.365988
7.502998 14.152000
25.783995 14.880013
21.883026 16.461010
1.694996 26.487015
6.009996 1.143988
7.280998 14.152000
26.035995 14.880013
21.883026 16.713011
1.442996 26.487015
5.757996 1.143988
7.028998 14.152000
26.245995 14.880013
21.883026 16.923010
1.232996 26.487015
5.547996 1.143988
6.818998 14.152000
26.461994 14.880013
21.883026 17.139009
1.016996 26.487015
5.331996 1.143988
6.818998 14.368000
26.680994 14.880013
21.883026 17.358009
1.016996 26.268015
5.112996 1.143988
6.818998 14.587000
26.899994 14.880013
21.883026 17.577009
1.016996 26.049015
4.893996 1.143988
6.818998 14.806000
27.121994 14.880013
21.883026 17.799009
1.016996 26.271015
4.671996 1.143988
6.818998 15.028000
27.337994 14.880013
21.883026 18.015009
1.016996 26.487015
4.455996 1.143988
6.818998 15.243999
27.553993 14.880013
21.883026 18.231009
1.016996 26.703014
4.239996 1.143988
6.818998 15.459999
27.766993 14.880013
21.883026 18.444008
1.016996 26.916014
4.026996 1.143988
6.818998 15.672999
27.976992 14.880013
21.883026 18.654007
1.016996 27.126013
3.816996 1.143988
6.818998 15.882999
27.757992 14.880013
21.883026 18.873007
1.016996 27.345013
3.597996 1.143988
6.818998 16.101999
27.541992 14.880013
21.883026 19.089006
1.016996 27.561012
3.381996 1.143988
6.818998 16.317999
27.316992 14.880013
21.883026 19.314007
1.016996 27.786013
3.156996 1.143988
6.818998 16.542999
27.109991 14.880013
21.883026 19.521008
1.016996 27.993013
2.949996 1.143988
6.818998 16.750000
26.908991 14.880013
21.883026 19.722008
1.016996 28.194014
2.748996 1.143988
6.818998 16.951000
26.710991 14.880013
21.883026 19.920008
1.016996 28.392014
2.550996 1.143988
6.818998 17.149000
26.509991 14.880013
21.883026 20.121008
1.016996 28.593014
2.349996 1.143988
6.818998 17.350000
26.299992 14.880013
21.883026 20.331007
1.016996 28.803013
2.139996 1.143988
6.818998 17.559999
26.089993 14.880013
21.883026 20.541006
1.016996 29.013012
1.929996 1.143988
6.818998 17.769999
25.858992 14.880013
21.883026 20.772007
1.016996 29.244013
1.698996 1.143988
6.818998 18.000999
25.654991 14.880013
21.883026 20.976007
1.016996 29.448013
1.494996 1.143988
6.818998 18.205000
25.450991 14.880013
21.883026 21.180008
1.016996 29.652014
1.290996 1.143988
6.818998 18.409000
25.246990 14.880013
21.883026 21.384008
1.016996 29.856014
1.086996 1.143988
6.818998 18.613001
25.030991 14.880013
21.883026 21.600008
1.016996 30.072014
1.086996 1.359987
6.818998 18.829000
24.808990 14.880013
21.883026 21.822008
1.016996 30.294014
1.086996 1.581988
6.818998 19.051001
24.601990 14.880013
21.883026 22.029009
1.016996 30.501015
1.086996 1.788988
6.818998 19.258001
24.400990 14.880013
21.883026 22.230009
1.016996 30.702015
1.086996 1.989987
6.818998 19.459002
24.196989 14.880013
21.883026 22.434010
1.016996 30.906015
1.086996 2.193988
6.818998 19.663002
23.986990 14.880013
21.883026 22.644009
1.016996 30.696016
1.086996 2.403988
6.818998 19.873001
23.770990 14.880013
21.883026 22.860008
1.016996 30.480017
1.086996 2.619988
6.818998 20.089001
23.554991 14.880013
21.883026 23.076008
1.016996 30.264017
1.086996 2.835988
6.818998 20.305000
23.350990 14.880013
21.883026 23.280008
1.016996 30.060017
1.086996 3.039988
6.818998 20.509001
23.149990 14.880013
21.883026 23.481009
1.016996 29.859016
1.086996 3.240988
6.818998 20.710001
22.945990 14.880013
21.883026 23.685009
1.016996 29.655016
1.086996 3.444988
6.818998 20.914001
22.741989 14.880013
21.883026 23.889009
1.016996 29.451015
1.086996 3.648988
6.818998 21.118002
22.528990 14.880013
21.883026 24.102009
1.016996 29.238016
1.086996 3.861988
6.818998 21.331001
22.315990 14.880013
21.883026 24.315008
1.016996 29.025017
1.086996 4.074988
6.818998 21.544001
22.114990 14.880013
21.883026 24.516008
1.016996 28.824017
1.086996 4.275988
6.818998 21.745001
21.913990 14.880013
21.883026 24.717009
1.016996 28.623016
1.086996 4.476988
6.818998 21.946001
21.712990 14.880013
21.883026 24.918009
1.016996 28.422016
1.086996 4.677989
6.818998 22.147001
21.712990 14.682013
21.883026 25.116009
1.016996 28.224016
1.086996 4.875988
6.818998 22.345001
21.712990 14.472013
21.883026 25.326008
1.016996 28.014017
1.086996 5.085989
6.818998 22.555000
21.712990 14.262012
21.883026 25.536007
1.016996 27.804018
1.086996 5.295989
6.818998 22.764999
21.712990 14.055013
21.883026 25.743008
1.016996 27.597017
1.086996 5.502988
6.818998 22.972000
21.712990 13.836013
21.883026 25.962008
1.016996 27.378017
1.086996 5.721988
6.818998 23.191000
21.712990 13.629013
21.883026 26.169008
1.016996 27.171017
1.086996 5.928988
7.025998 23.191000
21.712990 13.428013
21.883026 26.370008
1.016996 26.970016
1.086996 6.129988
7.226998 23.191000
21.712990 13.233013
21.883026 26.565008
1.016996 26.775017
1.086996 6.324988
7.421998 23.191000
21.712990 13.038013
21.883026 26.760008
1.016996 26.580017
1.086996 6.519989
7.616998 23.191000
21.712990 12.831014
21.883026 26.967009
1.016996 26.373016
1.086996 6.726988
7.823998 23.191000
21.712990 12.618013
21.883026 26.754009
1.016996 26.160017
1.086996 6.939988
8.036998 23.191000
21.712990 12.408013
21.883026 26.544010
1.226996 26.160017
1.086996 7.149988
8.246998 23.191000
21.712990 12.183013
21.883026 26.319010
1.451996 26.160017
1.086996 7.374988
8.471998 23.191000
21.712990 11.955013
21.883026 26.091009
1.679996 26.160017
1.086996 7.602988
8.699998 23.191000
21.712990 11.736013
21.883026 25.872009
1.898996 26.160017
1.086996 7.821988
8.918998 23.191000
21.712990 11.520014
21.883026 25.656010
2.114996 26.160017
1.086996 8.037988
9.134997 23.191000
21.712990 11.304014
21.883026 25.440010
2.330996 26.160017
1.086996 8.253987
9.350997 23.191000
21.712990 11.085014
21.883026 25.221010
2.549996 26.160017
1.086996 8.472987
9.569997 23.191000
21.712990 10.881014
21.883026 25.017010
2.753996 26.160017
1.086996 8.676988
9.773997 23.191000
21.712990 10.665014
21.883026 24.801010
2.969996 26.160017
1.086996 8.892987
9.989997 23.191000
21.712990 10.443014
21.883026 24.579010
3.191997 26.160017
1.308996 8.892987
10.211997 23.191000
21.712990 10.236014
21.883026 24.372009
3.398997 26.160017
1.515996 8.892987
10.418997 23.191000
21.712990 10.020015
21.883026 24.156010
3.614997 26.160017
1.731996 8.892987
10.634996 23.191000
21.712990 9.822015
21.883026 23.958010
3.812997 26.160017
1.929996 8.892987
10.832996 23.191000
21.712990 9.603015
21.883026 23.739010
4.031997 26.160017
2.148996 8.892987
11.051996 23.191000
21.712990 9.390015
21.883026 23.526011
4.244997 26.160017
2.361996 8.892987
11.264997 23.191000
21.712990 9.168015
21.883026 23.304010
4.466997 26.160017
2.583996 8.892987
11.486997 23.191000
21.712990 8.955014
21.883026 23.091011
4.679996 26.160017
2.796996 8.892987
11.699997 23.191000
21.712990 8.751014
21.883026 22.887011
4.883996 26.160017
3.000996 8.892987
11.903997 23.191000
21.712990 8.544014
21.883026 22.680010
5.090996 26.160017
3.207996 8.892987
12.110997 23.191000
21.712990 8.334014
21.883026 22.470011
5.300996 26.160017
3.417996 8.892987
12.320997 23.191000
21.712990 8.112014
21.883026 22.248011
5.522996 26.160017
3.639997 8.892987
12.542997 23.191000
21.712990 7.893014
21.883026 22.029011
5.741996 26.160017
3.858997 8.892987
12.761997 23.191000
21.712990 7.683014
21.883026 21.819012
5.951996 26.160017
4.068996 8.892987
12.971997 23.191000
21.712990 7.470014
21.883026 21.606012
6.164996 26.160017
4.281996 8.892987
13.184998 23.191000
21.712990 7.260014
21.883026 21.396013
6.374996 26.160017
4.491996 8.892987
13.394998 23.191000
21.712990 7.050014
21.883026 21.186014
6.584996 26.160017
4.701996 8.892987
13.604998 23.191000
21.712990 6.834014
21.883026 20.970015
6.800996 26.160017
4.917996 8.892987
13.820997 23.191000
21.712990 6.618014
21.883026 20.754015
6.800996 26.376017
5.133996 8.892987
14.036997 23.191000
21.712990 6.411014
21.883026 20.547014
6.800996 26.583017
5.340996 8.892987
14.243997 23.191000
21.712990 6.198014
21.883026 20.334015
6.800996 26.796017
5.553996 8.892987
14.456997 23.191000
21.712990 6.000014
21.883026 20.136015
6.800996 26.994017
5.751996 8.892987
14.654997 23.191000
21.916990 6.000014
21.883026 19.932014
6.596996 26.994017
5.955996 8.892987
14.858997 23.191000
21.709990 6.000014
21.883026 19.725014
6.389997 26.994017
6.162996 8.892987
15.065997 23.191000
21.508989 6.000014
21.883026 19.524014
6.188996 26.994017
6.363996 8.892987
15.065997 22.990000
21.307989 6.000014
21.883026 19.323013
5.987996 26.994017
6.564996 8.892987
12.201000 13.000000
21.307989 6.000014
21.883026 19.323013
5.987996 26.994017
6.564996 8.892987
12.201000 13.000000
21.307989 6.000014
21.883026 19.323013
5.987996 26.994017
6.564996 8.892987
12.201000 13.000000
21.307989 6.000014
21.883026 19.323013
5.987996 26.994017
6.564996 8.892987
12.201000 13.000000
21.307989 6.000014
21.883026 19.323013
5.987996 26.994017
6.564996 8.892987
12.201000 13.000000
21.307989 6.000014
21.883026 19.323013
5.987996 26.994017
6.564996 8.892987
12.201000 13.000000
21.307989 6.000014
21.883026 19.323013
5.987996 26.994017
6.564996 8.892987
12.201000 13.000000
21.307989 6.000014
21.883026 19.323013
5.987996 26.994017
6.564996 8.892987
12.201000 13.000000
21.307989 6.000014
21.883026 19.323013
5.987996 26.994017
6.564996 8.892987
12.201000 13.000000
21.307989 6.000014
21.883026 19.323013
5.987996 26.994017
6.564996 8.892987
12.201000 13.000000
21.307989 6.000014
21.883026 19.323013
5.987996 26.994017
6.564996 8.892987
12.201000 13.000000
21.307989 6.000014
21.883026 19.323013
5.987996 26.994017
6.564996 8.892987
12.201000 13.000000
21.307989 6.000014
21.883026 19.323013
5.987996 26.994017
6.564996 8.892987
12.201000 13.000000
21.307989 6.000014
21.883026 19.323013
5.987996 26.994017
6.564996 8.892987
12.201000 13.000000
21.307989 6.000014
21.883026 19.323013
5.987996 26.994017
6.564996 8.892987
12.201000 13.000000
21.307989 6.000014
21.883026 19.323013
5.987996 26.994017
6.564996 8.892987
12.201000 13.000000
21.307989 6.000014
21.883026 19.323013
5.987996 26.994017
6.564996 8.892987
12.201000 13.000000
21.307989 6.000014
21.883026 19.323013
5.987996 26.994017
6.564996 8.892987
12.201000 13.000000
21.307989 6.000014
21.883026 19.323013
5.987996 26.994017
6.564996 8.892987
12.201000 13.000000
21.307989 6.000014
21.883026 19.323013
5.987996 26.994017
6.564996 8.892987
12.201000 13.000000
21.307989 6.000014
21.883026 19.323013
5.987996 26.994017
6.564996 8.892987
12.201000 13.000000
21.307989 6.000014
21.883026 19.323013
5.987996 26.994017
6.564996 8.892987
12.201000 13.000000
21.307989 6.000014
21.883026 19.323013
5.987996 26.994017
6.564996 8.892987
12.201000 13.000000
21.307989 6.000014
21.883026 19.323013
5.987996 26.994017
6.564996 8.892987
12.201000 13.000000
21.307989 6.000014
21.883026 19.323013
5.987996 26.994017
6.564996 8.892987
12.201000 13.000000
21.307989 6.000014
21.883026 19.323013
5.987996 26.994017
6.564996 8.892987
12.201000 13.000000
21.307989 6.000014
21.883026 19.323013
5.987996 26.994017
6.564996 8.892987
12.201000 13.000000
21.307989 6.000014
21.883026 19.323013
5.987996 26.994017
6.564996 8.892987
12.201000 13.000000
21.307989 6.000014
21.883026 19.323013
5.987996 26.994017
6.564996 8.892987
12.201000 13.000000
21.307989 6.000014
21.883026 19.323013
5.987996 26.994017
6.564996 8.892987
12.201000 13.000000
21.307989 6.000014
21.883026 19.323013
5.987996 26.994017
6.564996 8.892987
12.201000 13.000000
21.307989 6.000014
21.883026 19.323013
5.987996 26.994017
6.564996 8.892987
12.201000 13.000000
21.307989 6.000014
21.883026 19.323013
5.987996 26.994017
6.564996 8.892987
12.201000 13.000000
21.307989 6.000014
21.883026 19.323013
5.987996 26.994017
6.564996 8.892987
12.201000 13.000000
21.307989 6.000014
21.883026 19.323013
5.987996 26.994017
6.564996 8.892987
12.201000 13.000000
21.307989 6.000014
21.883026 19.323013
5.987996 26.994017
6.564996 8.892987
12.201000 13.000000
21.307989 6.000014
21.883026 19.323013
5.987996 26.994017
6.564996 8.892987
12.201000 13.000000
21.307989 6.000014
21.883026 19.323013
5.987996 26.994017
6.564996 8.892987
12.201000 13.000000
21.307989 6.000014
21.883026 19.323013
5.987996 26.994017
6.564996 8.892987
12.201000 13.000000
21.307989 6.000014
21.883026 19.323013
5.987996 26.994017
6.564996 8.892987
12.201000 13.000000
21.307989 6.000014
21.883026 19.323013
5.987996 26.994017
6.564996 8.892987
12.201000 13.000000
21.307989 6.000014
21.883026 19.323013
5.987996 26.994017
6.564996 8.892987
12.201000 13.000000
21.307989 6.000014
21.883026 19.323013
5.987996 26.994017
6.564996 8.892987
12.201000 13.000000
21.307989 6.000014
21.883026 19.323013
5.987996 26.994017
6.564996 8.892987
12.201000 13.000000
21.307989 6.000014
21.883026 19.323013
5.987996 26.994017
6.564996 8.892987
12.201000 13.000000
21.307989 6.000014
21.883026 19.323013
5.987996 26.994017
6.564996 8.892987
12.201000 13.000000
21.307989 6.000014
21.883026 19.323013
5.987996 26.994017
6.564996 8.892987
12.201000 13.000000
21.307989 6.000014
21.883026 19.323013
5.987996 26.994017
6.564996 8.892987
12.201000 13.000000
21.307989 6.000014
21.883026 19.323013
5.987996 26.994017
6.564996 8.892987
12.201000 13.000000
21.307989 6.000014
21.883026 19.323013
5.987996 26.994017
6.564996 8.892987
12.201000 13.000000
21.307989 6.000014
21.883026 19.323013
5.987996 26.994017
6.564996 8.892987
12.201000 13.000000
21.307989 6.000014
21.883026 19.323013
5.987996 26.994017
6.564996 8.892987
12.201000 13.000000
21.307989 6.000014
21.883026 19.323013
5.987996 26.994017
6.564996 8.892987
12.201000 13.000000
21.307989 6.000014
21.883026 19.323013
5.987996 26.994017
6.564996 8.892987
12.201000 13.000000
21.307989 6.000014
21.883026 19.323013
5.987996 26.994017
6.564996 8.892987
12.201000 13.000000
21.307989 6.000014
21.883026 19.323013
5.987996 26.994017
6.564996 8.892987
12.201000 13.000000
21.307989 6.000014
21.883026 19.323013
5.987996 26.994017
6.564996 8.892987
12.201000 13.000000
21.307989 6.000014
21.883026 19.323013
5.987996 26.994017
6.564996 8.892987
12.201000 13.000000
21.307989 6.000014
21.883026 19.323013
5.987996 26.994017
6.564996 8.892987
12.201000 13.000000
21.307989 6.000014
21.883026 19.323013
5.987996 26.994017
6.564996 8.892987
12.201000 13.000000
21.307989 6.000014
21.883026 19.323013
5.987996 26.994017
6.564996 8.892987
12.201000 13.000000
21.307989 6.000014
21.883026 19.323013
5.987996 26.994017
6.564996 8.892987
12.201000 13.000000
21.307989 6.000014
21.883026 19.323013
5.987996 26.994017
6.564996 8.892987
12.201000 13.000000
21.307989 6.000014
21.883026 19.323013
5.987996 26.994017
6.564996 8.892987
12.201000 13.000000
21.307989 6.000014
21.883026 19.323013
5.987996 26.994017
6.564996 8.892987
12.201000 13.000000
21.307989 6.000014
21.883026 19.323013
5.987996 26.994017
6.564996 8.892987
12.201000 13.000000
21.307989 6.000014
21.883026 19.323013
5.987996 26.994017
6.564996 8.892987
12.201000 13.000000
21.307989 6.000014
21.883026 19.323013
5.987996 26.994017
6.564996 8.892987
12.201000 13.000000
21.307989 6.000014
21.883026 19.323013
5.987996 26.994017
6.564996 8.892987
12.201000 13.000000
21.307989 6.000014
21.883026 19.323013
5.987996 26.994017
6.564996 8.892987
12.201000 13.000000
21.307989 6.000014
21.883026 19.323013
5.987996 26.994017
6.564996 8.892987
12.201000 13.000000
21.307989 6.000014
21.883026 19.323013
5.987996 26.994017
6.564996 8.892987
12.201000 13.000000
21.307989 6.000014
21.883026 19.323013
5.987996 26.994017
6.564996 8.892987
12.201000 13.000000
21.307989 6.000014
21.883026 19.323013
5.987996 26.994017
6.564996 8.892987
12.201000 13.000000
21.307989 6.000014
21.883026 19.323013
5.987996 26.994017
6.564996 8.892987
12.201000 13.000000
21.307989 6.000014
21.883026 19.323013
5.987996 26.994017
6.564996 8.892987
12.201000 13.000000
21.307989 6.000014
21.883026 19.323013
5.987996 26.994017
6.564996 8.892987
12.201000 13.000000
21.307989 6.000014
21.883026 19.323013
5.987996 26.994017
6.564996 8.892987
12.201000 13.000000
21.307989 6.000014
21.883026 19.323013
5.987996 26.994017
6.564996 8.892987
12.201000 13.000000
21.307989 6.000014
21.883026 19.323013
5.987996 26.994017
6.564996 8.892987
12.201000 13.000000
21.307989 6.000014
21.883026 19.323013
5.987996 26.994017
6.564996 8.892987
12.201000 13.000000
21.307989 6.000014
21.883026 19.323013
5.987996 26.994017
6.564996 8.892987
12.201000 13.000000
21.307989 6.000014
21.883026 19.323013
5.987996 26.994017
6.564996 8.892987
12.201000 13.000000
21.307989 6.000014
21.883026 19.323013
5.987996 26.994017
6.564996 8.892987
12.201000 13.000000
21.307989 6.000014
21.883026 19.323013
5.987996 26.994017
6.564996 8.892987
12.201000 13.000000
21.307989 6.000014
21.883026 19.323013
5.987996 26.994017
6.564996 8.892987
12.201000 13.000000
21.307989 6.000014
21.883026 19.323013
5.987996 26.994017
6.564996 8.892987
12.201000 13.000000
21.307989 6.000014
21.883026 19.323013
5.987996 26.994017
6.564996 8.892987
12.201000 13.000000
21.307989 6.000014
21.883026 19.323013
5.987996 26.994017
6.564996 8.892987
12.201000 13.000000
21.307989 6.000014
21.883026 19.323013
5.987996 26.994017
6.564996 8.892987
12.201000 13.000000
21.307989 6.000014
21.883026 19.323013
5.987996 26.994017
6.564996 8.892987
12.201000 13.000000
21.307989 6.000014
21.883026 19.323013
5.987996 26.994017
6.564996 8.892987
12.201000 13.000000
21.307989 6.000014
21.883026 19.323013
5.987996 26.994017
6.564996 8.892987
12.201000 13.000000
21.307989 6.000014
21.883026 19.323013
5.987996 26.994017
6.564996 8.892987
12.201000 13.000000
21.307989 6.000014
21.883026 19.323013
5.987996 26.994017
6.564996 8.892987
12.201000 13.000000
21.307989 6.000014
21.883026 19.323013
5.987996 26.994017
6.564996 8.892987
12.201000 13.000000
21.307989 6.000014
21.883026 19.323013
5.987996 26.994017
6.564996 8.892987
12.201000 13.000000
21.307989 6.000014
21.883026 19.323013
5.987996 26.994017
6.564996 8.892987
12.201000 13.000000
21.307989 6.000014
21.883026 19.323013
5.987996 26.994017
6.564996 8.892987
12.201000 13.000000
21.307989 6.000014
21.883026 19.323013
5.987996 26.994017
6.564996 8.892987
12.201000 13.000000
21.307989 6.000014
21.883026 19.323013
5.987996 26.994017
6.564996 8.892987
12.201000 13.000000
21.307989 6.000014
21.883026 19.323013
5.987996 26.994017
6.564996 8.892987
12.201000 13.000000
21.307989 6.000014
21.883026 19.323013
5.987996 26.994017
6.564996 8.892987
12.201000 13.000000
21.307989 6.000014
21.883026 19.323013
5.987996 26.994017
6.564996 8.892987
12.201000 13.000000
21.307989 6.000014
21.883026 19.323013
5.987996 26.994017
6.564996 8.892987
12.201000 13.000000
21.307989 6.000014
21.883026 19.323013
5.987996 26.994017
6.564996 8.892987
12.201000 13.000000
21.307989 6.000014
21.883026 19.323013
5.987996 26.994017
6.564996 8.892987
12.201000 13.000000
21.307989 6.000014
21.883026 19.323013
5.987996 26.994017
6.564996 8.892987
12.201000 13.000000
21.307989 6.000014
21.883026 19.323013
5.987996 26.994017
6.564996 8.892987
12.201000 13.000000
21.307989 6.000014
21.883026 19.323013
5.987996 26.994017
6.564996 8.892987
12.201000 13.000000
21.307989 6.000014
21.883026 19.323013
5.987996 26.994017
6.564996 8.892987
12.201000 13.000000
21.307989 6.000014
21.883026 19.323013
5.987996 26.994017
6.564996 8.892987
12.201000 13.000000
21.307989 6.000014
21.883026 19.323013
5.987996 26.994017
6.564996 8.892987
12.201000 13.000000
21.307989 6.000014
21.883026 19.323013
5.987996 26.994017
6.564996 8.892987
12.201000 13.000000
21.307989 6.000014
21.883026 19.323013
5.987996 26.994017
6.564996 8.892987
12.201000 13.000000
21.307989 6.000014
21.883026 19.323013
5.987996 26.994017
6.564996 8.892987
12.201000 13.000000
21.307989 6.000014
21.883026 19.323013
5.987996 26.994017
6.564996 8.892987
12.201000 13.000000
21.307989 6.000014
21.883026 19.323013
5.987996 26.994017
6.564996 8.892987
12.201000 13.000000
21.307989 6.000014
21.883026 19.323013
5.987996 26.994017
6.564996 8.892987
12.201000 13.000000
21.307989 6.000014
21.883026 19.323013
5.987996 26.994017
6.564996 8.892987
12.201000 13.000000
21.307989 6.000014
21.883026 19.323013
5.987996 26.994017
6.564996 8.892987
12.201000 13.000000
21.307989 6.000014
21.883026 19.323013
5.987996 26.994017
6.564996 8.892987
12.201000 13.000000
21.307989 6.000014
21.883026 19.323013
5.987996 26.994017
6.564996 8.892987
12.201000 13.000000
21.307989 6.000014
21.883026 19.323013
5.987996 26.994017
6.564996 8.892987
12.201000 13.000000
21.307989 6.000014
21.883026 19.323013
5.987996 26.994017
6.564996 8.892987
12.201000 13.000000
21.307989 6.000014
21.883026 19.323013
5.987996 26.994017
6.564996 8.892987
12.201000 13.000000
21.307989 6.000014
21.883026 19.323013
5.987996 26.994017
6.564996 8.892987
12.201000 13.000000
21.307989 6.000014
21.883026 19.323013
5.987996 26.994017
6.564996 8.892987
12.201000 13.000000
21.307989 6.000014
21.883026 19.323013
5.987996 26.994017
6.564996 8.892987
12.201000 13.000000
21.307989 6.000014
21.883026 19.323013
5.987996 26.994017
6.564996 8.892987
12.201000 13.000000
21.307989 6.000014
21.883026 19.323013
5.987996 26.994017
6.564996 8.892987
12.201000 13.000000
21.307989 6.000014
21.883026 19.323013
5.987996 26.994017
6.564996 8.892987
12.201000 13.000000
21.307989 6.000014
21.883026 19.323013
5.987996 26.994017
6.564996 8.892987
12.201000 13.000000
21.307989 6.000014
21.883026 19.323013
5.987996 26.994017
6.564996 8.892987
12.201000 13.000000
21.307989 6.000014
21.883026 19.323013
5.987996 26.994017
6.564996 8.892987
12.201000 13.000000
21.307989 6.000014
21.883026 19.323013
5.987996 26.994017
6.564996 8.892987
12.201000 13.000000
21.307989 6.000014
21.883026 19.323013
5.987996 26.994017
6.564996 8.892987
12.201000 13.000000
21.307989 6.000014
21.883026 19.323013
5.987996 26.994017
6.564996 8.892987
12.201000 13.000000
21.307989 6.000014
21.883026 19.323013
5.987996 26.994017
6.564996 8.892987
12.201000 13.000000
21.307989 6.000014
21.883026 19.323013
5.987996 26.994017
6.564996 8.892987
12.201000 13.000000
21.307989 6.000014
21.883026 19.323013
5.987996 26.994017
6.564996 8.892987
12.201000 13.000000
21.307989 6.000014
21.883026 19.323013
5.987996 26.994017
6.564996 8.892987
12.201000 13.000000
